업체명,날짜,맛,양,배달,주문메뉴,상세리뷰
천수냉면-신당점,16시간 전,5,5,5,"
            물냉면/1(추가메뉴(대왕육수)),갈비만두/1
          ",냠냠굿 맛있어요 번창하세요
천수냉면-신당점,4일 전,5,5,5,"
            비빔냉면/1(추가메뉴(대왕육수)),김치왕만두/1
          ","변함없이 맛있습니다~~
잘 먹었습니다~~👍"
천수냉면-신당점,4일 전,5,5,5,"
            비빔냉면/1(추가메뉴(곱빼기,대왕육수)),갈비만두/1
          ",맛있게 잘먹었어요
천수냉면-신당점,2022년 3월 22일,1,5,4,"
            물냉면or물막국수중 택1＋숯불고기180g＋육수/1(메뉴선택(물냉면),육수추가(기본)),반반왕만두（김치3개＋고기3개）/1,후라이/4
          ",물냉면 진짜 맛이없어요ㅠ
천수냉면-신당점,2022년 3월 17일,5,5,5,"
            얼큰해장물냉면/1(추가메뉴(곱빼기)),갈비만두/1
          ",해장에 딱 좋네요
천수냉면-신당점,2022년 3월 13일,3,5,4,"
            물냉면/1,물막국수/1,고기왕만두/1
          ",잘 먹었습니다 ㅋㅋㅎㅎ
천수냉면-신당점,2022년 3월 12일,5,5,5,"
            물냉면/2
          ",배달빠르고 맛있어요
천수냉면-신당점,2022년 3월 10일,5,5,5,"
            물냉면/1,비빔냉면/2
          ",시원하게 먹기 좋습니다
천수냉면-신당점,2022년 3월 6일,5,5,5,"
            물냉면/1,얼큰해장물냉면/1
          ","맛있었습니다.
잘먹었습니다."
천수냉면-신당점,2022년 3월 6일,5,5,5,"
            비빔냉면/1(추가메뉴(대왕육수)),비빔냉면or비빔막국수중 택1＋숯불고기180g＋육수/1(메뉴선택(비빔냉면),육수추가(기본),추가메뉴(곱빼기))
          ",아이고 너무 배불러요
천수냉면-신당점,2022년 3월 4일,5,5,5,"
            물냉면/1(추가메뉴(대왕육수)),반반왕만두（김치3개＋고기3개）/1
          ",넘맛있어요 시원하고 육수도많고
천수냉면-신당점,2022년 2월 24일,5,5,5,"
            물냉면or물막국수중 택1＋숯불고기180g＋육수/1(메뉴선택(물냉면),육수추가(육수 추가))
          ",배달 시켰는데 맛있어여
천수냉면-신당점,2022년 2월 18일,4,4,5,"
            물냉면/3
          ",맛있게 먹어 습니다특히면이쫄기해서더욱맜나게먹어습니다
천수냉면-신당점,2022년 2월 13일,5,5,5,"
            비빔냉면/1,비빔냉면or비빔막국수중 택1＋숯불고기180g＋육수/1(메뉴선택(비빔냉면),육수추가(육수 추가),추가메뉴(곱빼기))
          ",먹을때마다 실망시키는 법이 없는 천수냉면 천수하십쇼
천수냉면-신당점,2022년 2월 10일,5,5,5,"
            물냉면/1(추가메뉴(곱빼기,대왕육수)),비빔냉면/1(추가메뉴(대왕육수))
          ",맛있게 잘 먹었습니다
천수냉면-신당점,2022년 2월 8일,5,5,5,"
            비빔냉면/1(추가메뉴(대왕육수)),물냉면or물막국수중 택1＋숯불고기180g＋육수/1(메뉴선택(물냉면))
          ",비빔이 많이 맵네요 맛있게 잘 먹었습니다 강추입니다
천수냉면-신당점,2022년 2월 8일,5,5,5,"
            비빔냉면/2(추가메뉴(곱빼기,대왕육수))
          ",매콤 달콤 맛있게 먹었어요.
천수냉면-신당점,2022년 2월 7일,5,5,5,"
            물냉면/1,고기왕만두/1,콜라500mL/1
          ","물냉면, 만두 둘다 넘 맛있게 잘 먹었습니다."
천수냉면-신당점,2022년 2월 4일,5,5,5,"
            얼큰해장물냉면/1,갈비만두/1,콜라500mL/1
          ",냉면 대박 만두도 대박 꼭 시켜드세요
천수냉면-신당점,2022년 2월 4일,5,5,5,"
            얼큰해장물냉면/1(추가메뉴(대왕육수)),얼큰해장물냉면/1(추가메뉴(곱빼기,대왕육수))
          ","배달도 빠르고 맛있고~^^
육수도 엄청 넉넉히 주셔서 좋았어요~
잘먹었습니다~^^"
천수냉면-신당점,2022년 2월 3일,4,2,4,"
            비빔막국수/2(추가메뉴(대왕육수))
          ",맛은 있었지만 양이 너무 적었어요ㅠㅜㅠㅜ 양념도 매콤하니 주의하시길!
천수냉면-신당점,2022년 1월 27일,5,5,5,"
            물냉면/2(추가메뉴(대왕육수))
          ",배달도 빠르고 냉면이 시원해요
천수냉면-신당점,2022년 1월 23일,5,5,5,"
            얼큰해장물냉면/1,갈비만두/1
          ",맛있어뇽굥ㅎㅎㅎㅎㅎ
천수냉면-신당점,2022년 1월 18일,5,5,5,"
            물냉면/2(추가메뉴(대왕육수))
          ",배달 빠르고 맛있어요
천수냉면-신당점,2022년 1월 15일,5,4,5,"
            물냉면/1(추가메뉴(대왕육수)),비빔막국수/1(추가메뉴(대왕육수))
          ",맛있어요! 양이 살짝 아쉬웠습니다!!
천수냉면-신당점,2022년 1월 13일,5,5,5,"
            물냉면/1,비빔냉면/1
          ","맛있어요
또 이용할게요
물냉이 굿~~~~"
천수냉면-신당점,2022년 1월 9일,5,5,5,"
            물냉면/1(추가메뉴(대왕육수)),비빔냉면/1(추가메뉴(대왕육수))
          ",두번째 해장 감사합니다
천수냉면-신당점,2022년 1월 9일,5,5,5,"
            비빔냉면/1,얼큰해장물냉면/1
          ",소스 더 넣어달랬더니 사장님이 전화도 주시고 엄청 친절하셨어요. 냉면도 넘 맛있고 배달도 빨랐어요. 다만 얼큰 물냉면 드시는분 엄청 매우니깐 맵찔이면 소스 적게 해달라하세요. 전 멋모르고 소스 더 넣었다가 매워서 울면서 먹었어요. 냉면 면 양이 쫌만 더 많았으면 더 좋았을듯여. 잘 먹었습니다!
천수냉면-신당점,2022년 1월 6일,5,5,5,"
            비빔냉면/1(추가메뉴(대왕육수)),김치왕만두/1
          ","늦은리뷰..ㅠ
항상 맛있게 잘 먹고 있습니다~
감사합니다~"
천수냉면-신당점,2022년 1월 3일,5,5,5,"
            물냉면/3(추가메뉴(대왕육수))
          ",시원하구 맛나게 해장햇어요^^
천수냉면-신당점,2021년 12월 30일,5,5,5,"
            물냉면/1,김치왕만두/1
          ","엄청 빨리 오고, 면 하나도 안불고 맛있습니다"
천수냉면-신당점,2021년 12월 26일,5,5,5,"
            비빔냉면/1(추가메뉴(곱빼기,대왕육수)),얼큰해장물냉면/1(추가메뉴(곱빼기,대왕육수)),갈비만두/1
          ",너무너무 맛았게 잘 먹었어요
천수냉면-신당점,2021년 12월 26일,5,5,5,"
            물냉면/1(추가메뉴(곱빼기,대왕육수)),비빔냉면or비빔막국수중 택1＋숯불고기180g＋육수/1(메뉴선택(비빔냉면)),고기왕만두/1
          ",시원하게 잘 먹었습니다 또 생각날것 같아요
천수냉면-신당점,2021년 12월 22일,5,5,5,"
            비빔냉면/1(추가메뉴(대왕육수)),김치왕만두/1
          ","언제 먹어도 맛있는 천수냉면!!
맛있게 잘 먹었습니다~~"
천수냉면-신당점,2021년 12월 19일,5,5,5,"
            얼큰해장물냉면/1,김치왕만두/1
          ",넘 맛있어요~~ 완전 만족 100프로
천수냉면-신당점,2021년 12월 16일,5,5,5,"
            물냉면/1(추가메뉴(대왕육수)),갈비만두/1
          ",항상 맛있게 잘 먹고있습니다.
천수냉면-신당점,2021년 12월 5일,5,5,5,"
            물냉면or물막국수중 택1＋숯불고기180g＋육수/1(메뉴선택(물냉면)),갈비만두/1
          ",매우 좋아요 감사합니다 자주 시킬게요
천수냉면-신당점,2021년 11월 26일,5,5,5,"
            물냉면/1(추가메뉴(대왕육수)),김치왕만두/1
          ","요청사항도 잘 들어주시고
항상 늘 맛있게 잘 먹고 있습니다~
마음 속 별점은 백점!!ㅎㅎ"
천수냉면-신당점,2021년 11월 20일,5,5,5,"
            비빔냉면/1(추가메뉴(대왕육수)),김치왕만두/1
          ","역시나 맛있네요~~
맛있게 잘 먹었습니다~"
천수냉면-신당점,2021년 11월 19일,5,5,5,"
            얼큰해장물냉면/2(추가메뉴(곱빼기,대왕육수))
          ","완전 추천!
진짜 맛있어요!"
천수냉면-신당점,2021년 11월 8일,5,5,5,"
            물냉면/1(추가메뉴(대왕육수)),갈비만두/1
          ",항상 맛있게 잘 먹고있습니다.
천수냉면-신당점,2021년 10월 24일,5,5,5,"
            물냉면/1(추가메뉴(대왕육수)),갈비만두/1
          ",자주 시켜먹는데... 맛있습니다.
천수냉면-신당점,2021년 10월 23일,5,5,5,"
            비빔냉면/1(추가메뉴(대왕육수)),김치왕만두/1
          ",맛있게 잘 먹었습니다~~
천수냉면-신당점,2021년 10월 21일,5,5,5,"
            물냉면/2,반반왕만두（김치3개＋고기3개）/1
          ",배달이 빨리 오네요. 국물도 넉넉하게 주고 내용물이 알찹니다. 만두도 괜찮았어요^^
천수냉면-신당점,2021년 9월 30일,5,5,5,"
            얼큰해장물냉면/2(추가메뉴(대왕육수))
          ",맛있고 배달이 빨라요
천수냉면-신당점,2021년 9월 28일,4,4,4,"
            물냉면/1(추가메뉴(대왕육수)),비빔냉면/1(추가메뉴(대왕육수))
          ","갑자기 먹고 싶더라고요, 맛있게 먹었어요. 살얼음이 적어 차게  먹지 못한거  빼면..."
천수냉면-신당점,2021년 9월 28일,5,5,5,"
            물냉면or물막국수중 택1＋숯불고기180g＋육수/1(메뉴선택(물냉면)),콜라500mL/1
          ",好吃好吃好吃好吃好吃
천수냉면-신당점,2021년 9월 22일,5,5,5,"
            물냉면/1,비빔냉면/1,고기왕만두/1
          ",주변에서 냉면은 여기가 최곱니다. 추가로 주시는 육수 도 대박 입니다.
천수냉면-신당점,2021년 9월 15일,5,5,5,"
            물냉면or물막국수중 택1＋숯불고기180g＋육수/1(메뉴선택(물냉면)),갈비만두/1
          ",양 많고 맛 괜찮네요
천수냉면-신당점,2021년 9월 11일,5,5,5,"
            비빔냉면/1(추가메뉴(곱빼기,대왕육수)),비빔냉면or비빔막국수중 택1＋숯불고기180g＋육수/1(메뉴선택(비빔냉면))
          ",냉면 맛이 훌륭합니다
천수냉면-신당점,2021년 9월 9일,5,5,5,"
            비빔냉면/1(추가메뉴(곱빼기)),갈비만두/1
          ",맛잇게 잘 먹었습니다!
천수냉면-신당점,2021년 9월 8일,5,5,4,"
            물냉면/1,비빔냉면/1(추가메뉴(곱빼기))
          ","냉면은 이집에서 쭉.     
요청사항이 있어 여러차례 전화했는데 안 받으셨어요. ㅠㅠ"
천수냉면-신당점,2021년 9월 7일,1,1,1,"
            물냉면/1(추가메뉴(대왕육수)),김치왕만두/1
          ","사장님 전화를 계속 했는데 안받으시네요
김치만두랑 수세미? 가 같이 왔어요
위생 신경 좀 써주세요"
천수냉면-신당점,2021년 9월 4일,5,5,5,"
            물냉면/1(추가메뉴(곱빼기)),비빔냉면/1(추가메뉴(곱빼기))
          ",맛있게 잘 먹었습니다 ㅎㅎㅎ
천수냉면-신당점,2021년 9월 3일,3,5,5,"
            물냉면/1,비빔냉면/2
          ","넘 매워요
육수에서 다시다맛이 넘 쎄네요"
천수냉면-신당점,2021년 9월 1일,5,5,5,"
            물냉면or물막국수중 택1＋숯불고기180g＋육수/1(메뉴선택(물냉면)),김치왕만두/1
          ",해장용으로 먹었는데 정말 만족ᆢ
천수냉면-신당점,2021년 8월 31일,5,5,5,"
            물냉면/1(추가메뉴(곱빼기,대왕육수)),반반왕만두（김치3개＋고기3개）/1
          ",맛있습니다. 또 시켜먹겠습니다.
천수냉면-신당점,2021년 8월 29일,5,5,5,"
            물냉면/2(추가메뉴(곱빼기,대왕육수)),얼큰해장물냉면/1(추가메뉴(곱빼기,대왕육수)),고기왕만두/1
          ","배달도뺘르구좋아요
해장할때 다른곳도 시켜봤는데 여기가 젤좋아서 찾게되네요"
천수냉면-신당점,2021년 8월 27일,5,5,5,"
            물냉면/1,고기왕만두/1
          ",양도 많고 맛있었습니다~~
천수냉면-신당점,2021년 8월 27일,5,5,5,"
            물냉면/1(추가메뉴(곱빼기)),비빔냉면/1(추가메뉴(곱빼기))
          ",매번  시원하게 잘 먹고 있습니다 ㅎㅎㅎ
천수냉면-신당점,2021년 8월 27일,5,5,5,"
            비빔냉면or비빔막국수중 택1＋숯불고기180g＋육수/1(메뉴선택(비빔냉면)),트리플만두/1
          ","잘 먹었어요! 완전 맛있었고 다음에도 시키려고 합니당~
감사합니다!"
천수냉면-신당점,2021년 8월 27일,5,5,5,"
            비빔냉면or비빔막국수중 택1＋숯불고기180g＋육수/1(메뉴선택(비빔냉면)),갈비만두/1
          ",맛있게 잘 먹었습니다
천수냉면-신당점,2021년 8월 23일,5,5,5,"
            물냉면/1(추가메뉴(곱빼기)),비빔냉면/1
          ",비냉이 더 매워진거 같아요ㅋㅋㅋㅋㅋ 재주문하는 냉면집 중 하나입니다:)
천수냉면-신당점,2021년 8월 22일,5,5,5,"
            물냉면/1,비빔냉면/1,김치왕만두/1
          ","검색하다 선택!
만족!!
맛있어요!"
천수냉면-신당점,2021년 8월 20일,5,5,5,"
            비빔냉면/1(추가메뉴(대왕육수)),김치왕만두/1
          ",오늘도 맛있게 잘 먹었습니다~
천수냉면-신당점,2021년 8월 20일,5,5,5,"
            물냉면/1,비빔냉면/2
          ","배달 빠르고 친절하고 냉면 
비빔냉면 많이 맵네요"
천수냉면-신당점,2021년 8월 19일,5,5,5,"
            물냉면/1(추가메뉴(곱빼기)),비빔냉면/1(추가메뉴(곱빼기))
          ",매번 너무 잘 먹고 있습니다 ㅎㅎㅎ 맛있어요!!
천수냉면-신당점,2021년 8월 17일,5,5,5,"
            물냉면/1(추가메뉴(곱빼기)),비빔냉면/1(추가메뉴(곱빼기))
          ",냉면 괜찮네요!!! 양도 적당해요~~
천수냉면-신당점,2021년 8월 15일,5,5,5,"
            물냉면/1,반반왕만두（김치3개＋고기3개）/1
          ",냉면 너무 맛있어요.
천수냉면-신당점,2021년 8월 15일,5,5,5,"
            비빔냉면/2(추가메뉴(대왕육수))
          ",지난 번에 한 번 먹어보고 맛있어서 재주문 했었어요~ 이틀 늦게 리뷰 쓰지만 잘 먹었습니다 ^^ 육수 항상 넉넉히 주셔서 좋아요
천수냉면-신당점,2021년 8월 14일,5,5,5,"
            물냉면/1(추가메뉴(곱빼기)),김치왕만두/1,콜라500mL/1
          ","점심때가 아니다보니 30분만에 오셔서 빨리먹을수 있었네요.
감사합니다."
천수냉면-신당점,2021년 8월 14일,4,4,4,"
            얼큰해장물냉면/1,불비냉/1(추가메뉴(곱빼기,대왕육수))
          ",시원하게 잘먹었습니다.
천수냉면-신당점,2021년 8월 12일,5,5,5,"
            물냉면/1(추가메뉴(대왕육수)),물냉면/1(추가메뉴(곱빼기,대왕육수))
          ",냉면은 여기서만~ 맛있어요.  육수 서비스 굿
천수냉면-신당점,2021년 8월 12일,5,5,5,"
            비빔냉면/1(추가메뉴(대왕육수)),김치왕만두/1
          ",맛있게 잘 먹었습니다~~
천수냉면-신당점,2021년 8월 8일,5,5,5,"
            물냉면/2(추가메뉴(대왕육수)),김치왕만두/1,갈비만두/1
          ",배달도빠른고 양도많고 맛있습니다.
천수냉면-신당점,2021년 8월 7일,5,5,5,"
            물냉면/1(추가메뉴(대왕육수)),반반왕만두（김치3개＋고기3개）/1
          ",맛있게 잘 먹었습니다 또 주문할게요
천수냉면-신당점,2021년 8월 7일,5,5,5,"
            물냉면/2(추가메뉴(대왕육수))
          ","미쳤어요... 히뷰안쓰려고 사진도 안찍었는데
진짜 핵존맛.."
천수냉면-신당점,2021년 8월 7일,5,5,5,"
            물냉면/1(추가메뉴(대왕육수)),갈비만두/1,사이다500mL/1
          ","지나 리뷰 많은 이유가 있네요 여러번 먹었지만
맛은 최고 입니다 정말
특히 육수도 무료도 하나 더 주시고"
천수냉면-신당점,2021년 8월 4일,3,5,5,"
            불비냉/1(추가메뉴(대왕육수)),갈비만두/1
          ",불비냉 은 별로. 면덜삶은비린내? 탄맛?쓴맛 이너무심하고 맵기는적당함.
천수냉면-신당점,2021년 8월 4일,5,5,5,"
            물냉면/2(추가메뉴(대왕육수)),고기왕만두/1
          ",맛있어요 ㅎㅎ감사합니다 또시킬께요
천수냉면-신당점,2021년 8월 4일,5,5,5,"
            물냉면/1(추가메뉴(곱빼기)),비빔냉면/1(추가메뉴(곱빼기))
          ",맛과 양 전부 최고입니다 ㅎㅎㅎ 매번 너무 잘 먹고 있어요~~~
천수냉면-신당점,2021년 8월 3일,5,5,5,"
            물냉면/2(추가메뉴(대왕육수))
          ","육수 무료로 더 주시고
냉면 양도 푸짐. 맛있어요~"
천수냉면-신당점,2021년 8월 3일,5,5,5,"
            물냉면/1(추가메뉴(곱빼기,대왕육수)),비빔냉면/1(추가메뉴(대왕육수))
          ",단골집이 생겼습니다
천수냉면-신당점,2021년 8월 3일,5,5,5,"
            물냉면/2(추가메뉴(곱빼기,대왕육수))
          ",잘먹었습니다. 추천합니다 ^^
천수냉면-신당점,2021년 8월 1일,5,5,5,"
            물냉면/1(추가메뉴(대왕육수)),비빔냉면/1(추가메뉴(곱빼기,대왕육수))
          ",진짜 맛있게 잘먹었어요~!!
천수냉면-신당점,2021년 8월 1일,5,5,5,"
            물냉면/1(추가메뉴(대왕육수)),비빔냉면/1(추가메뉴(곱빼기,대왕육수)),반반왕만두（김치3개＋고기3개）/1
          ",늘 맛있게 잘 먹고있습니다‥넉넉한 육수 감사합니다.
천수냉면-신당점,2021년 7월 31일,5,5,5,"
            물냉면/3,비빔냉면/2
          ",맛있습니다^^~~~~
천수냉면-신당점,2021년 7월 29일,4,5,2,"
            물냉면/1(추가메뉴(대왕육수)),비빔냉면/1(추가메뉴(대왕육수))
          ",물냉육수 좋아요. 비냉보단 물냉이 맛있는 집
천수냉면-신당점,2021년 7월 28일,4,5,5,"
            얼큰해장물냉면/1(추가메뉴(대왕육수)),갈비만두/1
          ",너무 더워서 얼음이 싹 다 녹아서왔지만 그래도 맛있었어요!
천수냉면-신당점,2021년 7월 28일,5,5,5,"
            물냉면/1(추가메뉴(곱빼기)),비빔냉면/1(추가메뉴(곱빼기))
          ",무더운 날씨에 고생 많으십니다 덕분에 오늘도 맛있게 너무 잘 먹었네요! 냉면은 항상 천수냉면서만 먹어요 ㅎㅎ 맛이면 맛 양이면 양 전부 최고입니다!!!
천수냉면-신당점,2021년 7월 26일,5,5,5,"
            물냉면/2(추가메뉴(곱빼기,대왕육수))
          ",잘먹었습니다. 추천합니다 ^^
천수냉면-신당점,2021년 7월 24일,5,5,5,"
            물냉면/1,비빔냉면/1(추가메뉴(대왕육수))
          ","시원하고 양많고
여름엔 천수냉면"
천수냉면-신당점,2021년 7월 22일,5,4,4,"
            물냉면/1(추가메뉴(곱빼기,대왕육수)),갈비만두/1
          ",맛있어요 진짜 추천드립니다
천수냉면-신당점,2021년 7월 21일,5,5,5,"
            물냉면/1(추가메뉴(곱빼기)),비빔냉면/1(추가메뉴(곱빼기))
          ",여기 냉면이 제일 맛있어요 ㅎㅎ 더운데 시원하게 잘 먹었네요!!
천수냉면-신당점,2021년 7월 20일,5,5,5,"
            물냉면/2(추가메뉴(대왕육수)),반반왕만두（김치3개＋고기3개）/1
          ",우웅 존맛탱구링구링 넘무시원하고
천수냉면-신당점,2021년 7월 20일,5,5,5,"
            물냉면/2,비빔냉면/1
          ",바로 먹어서 사진은 없는데요. 비빔냉면이 예상했던 맛이 아니어서 정말 깜짝 놀랐어요  너무 매워서 입에서 불이 나는 줄 알았는데 천수에서 냉면을 처음 시켜 먹어봐서 원래 이렇게 매운건지 천수의 특징인지 잘 몰겠어요. 암튼 매운 거 그렇게 싫어하는 편 아닌데도 매우 매웠어요. 물냉은 맛있었어요.
천수냉면-신당점,2021년 7월 19일,5,5,5,"
            얼큰해장물냉면/2,갈비만두/1
          ",그냥 날 더우면 찾게 되는 곳 늘 넘 맛있어요ㅠㅠㅠ
천수냉면-신당점,2021년 7월 18일,5,5,5,"
            물냉면/1(추가메뉴(대왕육수)),갈비만두/1
          ",육수 더 주시는 서비스 너무 좋습니다 최고
천수냉면-신당점,2021년 7월 16일,5,5,5,"
            물냉면/1,반반왕만두（김치3개＋고기3개）/1
          ",맛있는 냉면 잘 먹었습니다.
천수냉면-신당점,2021년 7월 16일,5,5,5,"
            비빔냉면/1(추가메뉴(곱빼기)),갈비만두/1
          ",냉면이 끝내줘요~~!!
천수냉면-신당점,2021년 7월 15일,5,5,5,"
            물냉면/1(추가메뉴(곱빼기)),비빔냉면/1
          ",날이 더워서 그런지 계속 냉면이 땡길 때마다 주문하고 있어요ㅠㅠ 시원해서 좋아효!!
천수냉면-신당점,2021년 7월 15일,5,5,5,"
            물냉면/1,반반왕만두（김치3개＋고기3개）/1
          ",맛있게 잘먹었습니다
천수냉면-신당점,2021년 7월 15일,5,5,2,"
            물냉면/1(추가메뉴(곱빼기)),비빔냉면/1(추가메뉴(곱빼기))
          ","맛있어서 어제 오늘 이틀 연속 점심때 시켰네요 어제는 빨리 왔었는데 오늘은 주문 후 80분이나 걸렸어요ㅠㅠ
배달이 안 와 혹시 주문 누락되었는가 싶어서 매장에 전화도 4번이나 했었는데 안 받으시고..

다행히 불어서 오진 않았고 맛은 있었어요"
천수냉면-신당점,2021년 7월 15일,5,5,5,"
            물냉면/1(추가메뉴(곱빼기)),비빔냉면/1(추가메뉴(곱빼기))
          ",시원하게 잘 먹었습니다!
천수냉면-신당점,2021년 7월 14일,5,5,5,"
            비빔냉면/2(추가메뉴(대왕육수)),얼큰해장물냉면/1(추가메뉴(대왕육수))
          ","처음 먹어보는 곳이라서 망설였는데
맛있어요  육수도 많이 주시고 
잘먹었습니다"
천수냉면-신당점,2021년 7월 14일,5,5,5,"
            물냉면/1,얼큰해장물냉면/1
          ",맛있어요.  매워서 혀가 얼얼하니 스트레스 풀리는 맛이네요^^
천수냉면-신당점,2021년 7월 14일,4,5,3,"
            비빔냉면or비빔막국수중 택1＋숯불고기180g＋육수/2(메뉴선택(비빔냉면))
          ","비빔냉면 매콤해여!! 참고하세요 
육수와서 넘 좋았고 고기가 맛있네요 ㅋㅋ 같이 시킨사람이랑 맛잇다고 세번이나 말했다능!"
천수냉면-신당점,2021년 7월 12일,5,5,5,"
            비빔냉면/1(추가메뉴(대왕육수)),물냉면or물막국수중 택1＋숯불고기180g＋육수/1(메뉴선택(물냉면))
          ",늘 맛있구 배달도 엄청 빨라서 너무 좋아요🥰
천수냉면-신당점,2021년 7월 10일,5,5,5,"
            물냉면/1(추가메뉴(대왕육수)),갈비만두/1
          ",항상 맛있게 잘 먹고있습니다.
천수냉면-신당점,2021년 7월 9일,5,5,5,"
            물냉면/1(추가메뉴(대왕육수)),비빔냉면/1
          ",너무 맛있어서 강추합니다. 다음에 또 주문할게요
천수냉면-신당점,2021년 7월 9일,5,5,5,"
            물냉면/1,물냉면or물막국수중 택1＋숯불고기180g＋육수/1(메뉴선택(물막국수))
          ",기대이상으로 아주 맛있습니다 고기도 숫불맛나고 냉면과 곁들여먹기 아주좋네요
천수냉면-신당점,2021년 7월 9일,5,5,5,"
            물냉면/1(추가메뉴(대왕육수)),갈비만두/1
          ",시원하게 잘 먹었습니다. 사진 첨부가 안되네요 ㅠㅠ
천수냉면-신당점,2021년 7월 7일,5,5,5,"
            비빔냉면/1(추가메뉴(대왕육수)),목살김치찌개/1
          ","여기 진짜 맛있네요.
어제 먹었던 비빔냉면은 조금 매웠지만 맛있었고
김치찌개는 전문점도 아닌데 전문점만큼 맛있어요.
번창하세요."
천수냉면-신당점,2021년 7월 6일,5,5,5,"
            비빔냉면/3,비빔막국수/1(추가메뉴(대왕육수)),불비냉/1(추가메뉴(대왕육수))
          ",맛있어요..불냉면 시켰는데 속이 뒤집어질정도는 아니고 적당한 매콤? 무튼 제 입맛에는 좋았어욥!!
천수냉면-신당점,2021년 7월 6일,1,1,1,"
            물냉면/1,비빔냉면/1
          ",1시간 지났는데 배달은 안왔고 영업 끝났다고 전화도 안돼면 계속 기다리기만 해야하나..
천수냉면-신당점,2021년 7월 6일,5,5,5,"
            물냉면/1(추가메뉴(곱빼기,대왕육수)),비빔냉면/1(추가메뉴(곱빼기,대왕육수))
          ",정말 감사함니다 맛있어요
천수냉면-신당점,2021년 7월 6일,3,4,4,"
            물냉면/1,물냉면or물막국수중 택1＋숯불고기180g＋육수/1(메뉴선택(물냉면))
          ",맛있게 먹었습니다ㆍᆢ^^~~~
천수냉면-신당점,2021년 7월 5일,5,5,5,"
            비빔냉면/1(추가메뉴(대왕육수)),고기왕만두/1
          ",맛있어요~! 속 꽉찬 고기만두도 완전 짱ㅎㅎ
천수냉면-신당점,2021년 7월 4일,4,4,5,"
            물냉면/1,비빔냉면/1
          ",배달도  빠르고  맛있어요 .^^
천수냉면-신당점,2021년 7월 4일,5,5,5,"
            물냉면/1(추가메뉴(대왕육수)),갈비만두/1
          ",굿굿굿 맛있습니다!!!
천수냉면-신당점,2021년 7월 3일,5,5,5,"
            비빔냉면/1,물냉면or물막국수중 택1＋숯불고기180g＋육수/1(메뉴선택(물냉면))
          ",냉면이 식당에가서 먹은 것 같아요
천수냉면-신당점,2021년 7월 3일,5,5,5,"
            비빔냉면/1,김치왕만두/1
          ",맛있었는데 맵찔이라 그런지 정말 맵고...하마터면 정신을 잃을뻔했네요 그래도 시원하고 양도많고 맛있어서 만족입니당
천수냉면-신당점,2021년 6월 30일,4,4,4,"
            물막국수/1,비빔냉면or비빔막국수중 택1＋숯불고기180g＋육수/1(메뉴선택(비빔막국수)),반반왕만두（김치3개＋고기3개）/1
          ",배달이 오래걸려서 아쉬움
천수냉면-신당점,2021년 6월 30일,5,5,5,"
            물냉면/1(추가메뉴(곱빼기,대왕육수)),비빔냉면or비빔막국수중 택1＋숯불고기180g＋육수/1(메뉴선택(비빔냉면)),갈비만두/1
          ",고기냉면 세트에는 곱배기가 불가능하길래 만두 시켰는데 고기보다 만두가 더 취향...맛있네요:)
천수냉면-신당점,2021년 6월 27일,4,5,5,"
            불비냉/1(추가메뉴(대왕육수)),물냉면or물막국수중 택1＋숯불고기180g＋육수/1(메뉴선택(물냉면))
          ","여자친구가 불비냉 맛있다고 하네요.
고기는 별로였고...5점 만점에, 육수 4.5점, 면 5점으로 그래도 맛있게 잘 먹었습니다.
기사님 친절하셔서 좋았습니다."
천수냉면-신당점,2021년 6월 26일,5,5,5,"
            우삼겹된장찌개/1,비빔냉면or비빔막국수중 택1＋숯불고기180g＋육수/1(메뉴선택(비빔냉면))
          ",가성비 좋고 친절한 사장님이 운영하는 곳!
천수냉면-신당점,2021년 6월 26일,5,5,5,"
            비빔냉면/1(추가메뉴(대왕육수)),얼큰해장물냉면/1(추가메뉴(대왕육수)),갈비만두/1
          ",해장으로 추천해요 딴 냉면에두 고기추가 가능했음 좋겠네요
천수냉면-신당점,2021년 6월 22일,5,5,5,"
            물냉면/1,비빔냉면/1(추가메뉴(대왕육수)),불비냉/1(추가메뉴(대왕육수)),반반왕만두（김치3개＋고기3개）/1
          ",맛있고 배달도 빠르고 좋아요 면이 특이했어요
천수냉면-신당점,2021년 6월 21일,5,5,5,"
            비빔냉면/3(추가메뉴(대왕육수)),반반왕만두（김치3개＋고기3개）/1
          ",어제 먹기 전에 배고파서 다 안 비비고 찍은 사진이라 조금 떡져보이는데 다 비비면 안 그렇고 진짜 맛있어요 ㅋㅋ 육수도 넉넉하게 주셔서 부어서 먹었어요 첫 주문인데 진짜 맛있습니다... 매콤한 거 좋아하시는 분들 특히 강추요~ 담에 또 시켜먹으려고요 ㅎㅎ
천수냉면-신당점,2021년 6월 20일,5,5,1,"
            물냉면or물막국수중 택1＋숯불고기180g＋육수/1(메뉴선택(물냉면)),고기왕만두/1
          ","냉면인데, 게다가 피곤해서 낮잠 잘 생각이라 문앞에 놓고 전화달라고 했는데 공동현관 비밀번호는 읽고, 전화달라는 건 일부러 무시하나요?? 다음번엔 배달 꼭 신경써서 전달 부탁드려요"
천수냉면-신당점,2021년 6월 20일,4,4,4,"
            비빔막국수/2(추가메뉴(대왕육수))
          ",잘 먹었습니다.
천수냉면-신당점,2021년 6월 19일,4,4,5,"
            비빔냉면/1,물냉면or물막국수중 택1＋숯불고기180g＋육수/1(메뉴선택(물냉면))
          ",물냉은 괜찮은데 비냉은 양념이 너무 안묻어서 아쉬웠어요.. 근데 배달이 20분도 안돼서 온것같은데 나무 빨라서 놀랐습니다 배고팠는데 잘먹었네요~
천수냉면-신당점,2021년 6월 19일,5,5,5,"
            비빔냉면/1,얼큰해장물냉면/1
          ","생각한것보다 많이 맵네여 😭
그래도 맛있게 매운맛!ㅎㅎ
양도많고 배달도 엄청 빨라요ㅎ
맛있게 잘먹었습니다 !! 또 시킬게여 ~~^^"
천수냉면-신당점,2021년 6월 18일,5,5,5,"
            물냉면/1(추가메뉴(곱빼기,대왕육수)),고기왕만두/1
          ","물냉면도 만두도 깔끔한맛입니다. 
맛있게 잘 먹었어요^^"
천수냉면-신당점,2021년 6월 17일,5,5,5,"
            물냉면or물막국수중 택1＋숯불고기180g＋육수/1(메뉴선택(물냉면)),갈비만두/1
          ",맛있습니다~ 맛있어요~
천수냉면-신당점,2021년 6월 17일,5,5,5,"
            비빔냉면or비빔막국수중 택1＋숯불고기180g＋육수/1(메뉴선택(비빔냉면)),고기왕만두/1
          ","친구한테 선물로 보냈는데
맛있었다고 하네요 

배달도 잘 왔어요
감사합니다"
천수냉면-신당점,2021년 6월 15일,5,5,5,"
            물냉면/1,갈비만두/1
          ",맛있고 양도 넉넉해서 여러번 시켜 먹은 곳이예요! 이번에도 배부르게 엄청 잘먹었어요!! (근데 포장 잘 되어 있는데 양념통이 애초에 부서져있던 건지… 뜯다가 바닥이랑 방석에 다 튀었어요 ㅠㅠ 더 번창하시라구 말씀드립니당ㅎㅎ)
천수냉면-신당점,2021년 6월 15일,4,4,3,"
            물냉면/2,비빔냉면/1(추가메뉴(곱빼기))
          ","냉면 맛있게 잘 먹었습니다
다음에 또 주문할께요^^"
천수냉면-신당점,2021년 6월 14일,5,5,5,"
            물냉면/1(추가메뉴(대왕육수)),비빔냉면or비빔막국수중 택1＋숯불고기180g＋육수/1(메뉴선택(비빔냉면))
          ","배달도 빠르고,  음식도 맛있게 먹었습니다."
천수냉면-신당점,2021년 6월 13일,5,5,5,"
            물냉면/3,고기왕만두/1
          ",정말 시원하고 맛있고 배부르게 잘 먹었습니다
천수냉면-신당점,2021년 6월 12일,5,5,5,"
            비빔막국수/1,비빔냉면or비빔막국수중 택1＋숯불고기180g＋육수/1(메뉴선택(비빔냉면))
          ",맛있고 적당히 매콤합니다^^
천수냉면-신당점,2021년 6월 10일,5,5,5,"
            물냉면/1,얼큰해장물냉면/1,고기왕만두/1,김치왕만두/1
          ","냉면이 넘 맛있어요.
그리고  왕만두랑 김치만두  대박입니다
하여튼 넘 맛있었고  조만간에 한번더"
천수냉면-신당점,2021년 6월 7일,5,5,5,"
            물냉면/1,물냉면or물막국수중 택1＋숯불고기180g＋육수/1(메뉴선택(물막국수))
          ","맛있었어요 ㅎㅎㅎ
배달도 빠르고 굿굿!"
천수냉면-신당점,2021년 6월 7일,5,5,5,"
            얼큰해장물냉면/1,고기왕만두/1
          ",냉면은 여기서만 먹게됩니다. 잘먹었네요.
천수냉면-신당점,2021년 6월 7일,5,5,5,"
            물냉면/1(추가메뉴(대왕육수)),고기왕만두/1
          ",매우 맛있어요 고마워요
천수냉면-신당점,2021년 6월 6일,5,5,5,"
            물냉면/1,고기왕만두/1
          ",시원하게 잘 목었습니다. 만두도 맛나요.
천수냉면-신당점,2021년 6월 6일,5,5,3,"
            물냉면/1(추가메뉴(대왕육수)),얼큰해장물냉면/1(추가메뉴(대왕육수)),사이다1.25L/1
          ",배달 오신분이 떨어트리신건지 양념통이랑 냉면그릇 아래 다 깨짐 육수도 새고 손에 다 뭍고 ㅠ
천수냉면-신당점,2021년 6월 6일,4,4,5,"
            비빔냉면or비빔막국수중 택1＋숯불고기180g＋육수/2(메뉴선택(비빔냉면))
          ",기대이상이였던듯 맛있었습니다
천수냉면-신당점,2021년 6월 6일,5,5,5,"
            비빔냉면or비빔막국수중 택1＋숯불고기180g＋육수/2(메뉴선택(비빔냉면)),물냉면or물막국수중 택1＋숯불고기180g＋육수/2(메뉴선택(물냉면)),갈비만두/1
          ","간만에 가족들 모여서 맛있게 먹었네요. 양도 푸짐하고 맛도 단짠단짠 조화로워 다들 만족하고 먹었슴돠~
역시 더울땐 냉면이 쵝오~!"
천수냉면-신당점,2021년 6월 6일,5,5,5,"
            물냉면/1(추가메뉴(곱빼기,대왕육수)),비빔냉면/1(추가메뉴(곱빼기,대왕육수)),반반왕만두（김치3개＋고기3개）/1
          ","15분만에 와서 깜짝놀랬어요
육수도 넉넉히 주셔서 여유있게 잘 먹었습니다"
천수냉면-신당점,2021년 6월 5일,5,5,5,"
            물냉면/1,비빔냉면/2(추가메뉴(대왕육수))
          ",리뷰보고 주문했는데 맛있네요 ㅎㅎ 저한테 비냉이 조금맵게 느껴졌지만 맛있게 한끼 잘먹었습니다 육수도 많이 주셔서 육수도 엄청 먹었네요 ㅎㅎㅎ
천수냉면-신당점,2021년 6월 5일,5,5,5,"
            물냉면/1(추가메뉴(곱빼기)),비빔냉면/1(추가메뉴(곱빼기,대왕육수))
          ",부모님께서 배닥음식 잘안드시는데 여기는 먼저 먹자고 말씀하시네요ㅎ 앞으로도 잘부탁드립니다ㅎ
천수냉면-신당점,2021년 6월 2일,5,5,5,"
            물냉면or물막국수중 택1＋숯불고기180g＋육수/1(메뉴선택(물냉면)),고기왕만두/1
          ",맛있게 잘 먹었습니다
천수냉면-신당점,2021년 6월 2일,4,4,5,"
            물냉면/2(추가메뉴(대왕육수)),비빔냉면/1(추가메뉴(대왕육수))
          ","육수 많이 주셔서 좋았어요
근데 면발이 제 취향에는 너무 두꺼웠어요"
천수냉면-신당점,2021년 5월 31일,5,5,5,"
            비빔냉면/1,트리플만두/1
          ",만두가 맛있네요!!
천수냉면-신당점,2021년 5월 30일,4,4,4,"
            물냉면/1,물냉면/1(추가메뉴(곱빼기))
          ",무난해용!~~~~~
천수냉면-신당점,2021년 5월 29일,5,5,5,"
            물냉면/2(추가메뉴(곱빼기,대왕육수))
          ","양도 얼음도 많이 주셔서 감사합니다
올  여름이 기대 돼네요"
천수냉면-신당점,2021년 5월 26일,5,5,5,"
            얼큰해장물냉면/1(추가메뉴(대왕육수)),우삼겹된장찌개/1
          ",된장찌개도 시켰는ㄷㅔ 오늘도 반찬은 빼고 주심 ㅠㅠ..
천수냉면-신당점,2021년 5월 26일,5,5,5,"
            비빔냉면or비빔막국수중 택1＋숯불고기180g＋육수/2(메뉴선택(비빔냉면))
          ",엄청 맛있어요 고기양도 많네요 냉면 고기 모두 고퀄이라서 받아보고 놀랐어요. 양 진짜 많아요 ㅋㅋㅋ 그리고 진짜 맛있어요
천수냉면-신당점,2021년 5월 25일,5,5,5,"
            물냉면/1(추가메뉴(곱빼기,대왕육수)),고기왕만두/1
          ",맛있게 잘먹었습니다
천수냉면-신당점,2021년 5월 23일,5,5,5,"
            물냉면/1(추가메뉴(대왕육수)),비빔냉면/1(추가메뉴(대왕육수))
          ",생가보다 빠른 배달. 육수도 듬뿍 서비스 음식맛도 굿굿 좋아요
천수냉면-신당점,2021년 5월 23일,4,5,5,"
            비빔막국수/1(추가메뉴(대왕육수)),비빔막국수/1(추가메뉴(곱빼기,대왕육수))
          ","양많고 시원하고 매콤하고 
더운날씨에 제격입니다"
천수냉면-신당점,2021년 5월 20일,5,5,5,"
            물냉면/1,비빔냉면/1
          ",맛잇고요 시원하고요 아주 존맛탱
천수냉면-신당점,2021년 5월 20일,5,5,5,"
            물냉면/1,비빔냉면/1
          ",추천드립니다 :) 꼭 먹어보세영
천수냉면-신당점,2021년 5월 20일,5,5,5,"
            물냉면/1(추가메뉴(대왕육수)),비빔냉면/1(추가메뉴(대왕육수))
          ","너무 맛있었어요~
정신차리고보니 다 먹어버려서
인증샷이 없어요ㅋ
또 시켜먹을께요!"
천수냉면-신당점,2021년 5월 18일,5,5,5,"
            비빔냉면/1(추가메뉴(대왕육수)),김치왕만두/1
          ",맛있게 잘먹었습니다~~
천수냉면-신당점,2021년 5월 17일,5,3,1,"
            물막국수/1(추가메뉴(대왕육수)),비빔막국수/1(추가메뉴(대왕육수)),고기왕만두/1
          ",육수 돈내고 더 사먹고싶네요 방법없을까요?
천수냉면-신당점,2021년 5월 16일,5,5,5,"
            물냉면/2,비빔냉면/2,고기왕만두/2
          ",물냉면은 맛있구요 비빔은 넘 매워요~
천수냉면-신당점,2021년 5월 16일,4,4,4,"
            물냉면/1,김치왕만두/1
          ",배달 빠르고 냉면 맛있습니다~
천수냉면-신당점,2021년 5월 16일,5,5,5,"
            물냉면/1,비빔냉면/1
          ",맛있어요 잘 먹었습니다!
천수냉면-신당점,2021년 5월 14일,5,5,5,"
            물냉면/1(추가메뉴(곱빼기,대왕육수)),비빔냉면/1(추가메뉴(대왕육수))
          ",시원하고 맛있게 잘 먹었습니다
천수냉면-신당점,2021년 5월 13일,5,5,5,"
            물냉면/1(추가메뉴(대왕육수)),비빔냉면/1(추가메뉴(대왕육수)),갈비만두/1
          ",매우 좋아요 감사합니다
천수냉면-신당점,2021년 5월 12일,4,4,5,"
            물냉면or물막국수중 택1＋숯불고기180g＋육수/1(메뉴선택(물막국수)),후라이/3
          ",잘먹었습니다.감사합니다.
천수냉면-신당점,2021년 5월 12일,5,5,5,"
            고기왕만두/1,김치왕만두/1
          ",非常非常的好吃😋下次还吃这家
천수냉면-신당점,2021년 5월 12일,5,5,5,"
            얼큰해장물냉면/1(추가메뉴(대왕육수)),고기왕만두/1
          ","해장냉면으로 해장했네요
맛있어용~"
천수냉면-신당점,2021년 5월 8일,5,5,5,"
            물냉면/2,비빔냉면/2(추가메뉴(대왕육수))
          ","2번째인데. 역시 맛있네요
육수가넉넉해서 너무좋습니다"
천수냉면-신당점,2021년 5월 8일,5,5,5,"
            물냉면/1(추가메뉴(곱빼기,대왕육수)),우삼겹된장찌개/1
          ",양도 푸짐하고 육수 정말 좋네요
천수냉면-신당점,2021년 5월 8일,5,5,4,"
            비빔냉면/1,물냉면or물막국수중 택1＋숯불고기180g＋육수/1(메뉴선택(물냉면))
          ",맛은 좋아요. 조금 불어서 왔지만요
천수냉면-신당점,2021년 5월 8일,5,5,5,"
            물냉면/1(추가메뉴(대왕육수)),갈비만두/1
          ",냉면은 진짜 점점 맛있어지는듯합니다~
천수냉면-신당점,2021년 5월 5일,5,5,5,"
            물냉면/1(추가메뉴(대왕육수)),비빔냉면/1(추가메뉴(대왕육수))
          ",잘 먹었습니다 육수 짱!!
천수냉면-신당점,2021년 5월 4일,5,5,5,"
            비빔막국수/2
          ",살짝 매운 거 빼고는 맛있었어요
천수냉면-신당점,2021년 5월 2일,5,5,5,"
            비빔냉면or비빔막국수중 택1＋숯불고기180g＋육수/1(메뉴선택(비빔냉면)),물냉면or물막국수중 택1＋숯불고기180g＋육수/1(메뉴선택(물냉면))
          ",맛있게 잘 먹었어요~
천수냉면-신당점,2021년 5월 1일,5,5,5,"
            물냉면/1(추가메뉴(대왕육수)),고기왕만두/1
          ",너무 맛있습니다 역시 👍
천수냉면-신당점,2021년 4월 29일,5,5,5,"
            물냉면or물막국수중 택1＋숯불고기180g＋육수/1(메뉴선택(물냉면)),갈비만두/1
          ",그냥저냥 맛있네요 굳
천수냉면-신당점,2021년 4월 28일,5,5,5,"
            비빔냉면/1(추가메뉴(대왕육수)),김치왕만두/1
          ",요청도 신경써주시고~맛있게 잘 먹었습니다~
천수냉면-신당점,2021년 4월 28일,3,5,5,"
            물냉면/1(추가메뉴(대왕육수)),비빔냉면/1(추가메뉴(대왕육수)),반반왕만두（김치3개＋고기3개）/1
          ",맛있네요 배달도 빠르고
천수냉면-신당점,2021년 4월 28일,5,5,5,"
            물냉면/2
          ",냉면육수가 시원하고 맛있습니다
천수냉면-신당점,2021년 4월 27일,5,5,5,"
            물냉면/1(추가메뉴(곱빼기,대왕육수)),고기왕만두/1
          ",만두가. 너무 맛있어요 ㅎㅎ감사합니다
천수냉면-신당점,2021년 4월 24일,4,5,5,"
            물냉면or물막국수중 택1＋숯불고기180g＋육수/1(메뉴선택(물냉면)),콜라1.25L/1
          ",갑자기 냉면이 확 땡겨서 시켰습니다. 육수 양도 빵빵하고 맛있었습니다. 고기랑도 되게 잘 어울리네요!
천수냉면-신당점,2021년 4월 24일,5,5,5,"
            얼큰해장물냉면/2(추가메뉴(대왕육수))
          ",이 냉면을 먹을수있는 동네에 살아서 너무 행복합니당 ♡
천수냉면-신당점,2021년 4월 23일,5,5,5,"
            비빔냉면/2(추가메뉴(대왕육수)),불비냉/1,반반왕만두（김치3개＋고기3개）/1
          ","맛있고 양도많네요
불냉면 매워요
잘먹었습니다"
천수냉면-신당점,2021년 4월 22일,5,5,5,"
            물냉면or물막국수중 택1＋숯불고기180g＋육수/1(메뉴선택(물냉면)),콜라1.25L/1
          ","냉면 매우굿!!
그냥 찬게 먹고싶어서 가벼운마음으로 시켰는데 만족스럽네요"
천수냉면-신당점,2021년 4월 21일,4,4,4,"
            물막국수/1,비빔막국수/1
          ",그제 냉면 맛있게 먹어서 막국수로 시켰는데 뭐가 다른지는 잘 모르겠네요. 육수는 많이 주셔서 좋아요
천수냉면-신당점,2021년 4월 20일,5,5,5,"
            얼큰해장물냉면/1(추가메뉴(대왕육수)),갈비만두/1
          ",진짜 자주먹는데 배중간이 어두워서 못먹었습니다 ㅠㅠ냉면은 역시 꿀
천수냉면-신당점,2021년 4월 18일,5,5,5,"
            물냉면/2(추가메뉴(대왕육수))
          ",배달도 빠르고 육수도 시원하고 맛있어요~
천수냉면-신당점,2021년 4월 18일,4,4,4,"
            물냉면/1(추가메뉴(대왕육수)),비빔냉면/1(추가메뉴(곱빼기,대왕육수))
          ",맛있었어요. 또 시켜먹을께요
천수냉면-신당점,2021년 4월 18일,5,5,5,"
            물냉면/2(추가메뉴(대왕육수)),갈비만두/1
          ",맛있게 잘 먹었습니다 ㅏㅏㅏㅏㅏ
천수냉면-신당점,2021년 4월 17일,3,4,5,"
            참치김치찌개/1,물냉면or물막국수중 택1＋숯불고기180g＋육수/1(메뉴선택(물냉면))
          ","배달은 예정시간보다 빨리왔어요
포잣은 꼼꼼하게 포장되어서 좋았어요
냉면은 양이 많았고 참치김치찌개도  양이 많긴한데 개인적인 맛으로는 조미료맛이라고해야하나 넘 느끼해요"
천수냉면-신당점,2021년 4월 16일,5,5,5,"
            물냉면/1,물냉면/1(추가메뉴(곱빼기,대왕육수))
          ",맛잇게 잘 먹었습니다
천수냉면-신당점,2021년 4월 15일,5,5,5,"
            비빔냉면/1(추가메뉴(대왕육수)),우삼겹된장찌개/1
          ",또먹을꺼에여....맛있단말이져.... 후후
천수냉면-신당점,2021년 4월 13일,4,5,5,"
            물냉면/1(추가메뉴(대왕육수)),고기왕만두/1
          ",근처에 배달냉면 여러군데 먹었는데 그중에 괜찮은곳같아요
천수냉면-신당점,2021년 4월 12일,5,5,5,"
            물냉면/1(추가메뉴(곱빼기,대왕육수)),고기왕만두/1
          ",맛있어요 ㅎㅎ감사합니다 또시킬께요
천수냉면-신당점,2021년 4월 11일,5,5,5,"
            얼큰해장물냉면/1(추가메뉴(대왕육수)),물냉면or물막국수중 택1＋숯불고기180g＋육수/1(메뉴선택(물냉면))
          ","먹느라 사진은 못찍었는데, 냉면이랑 고기랑 너무 맛있어요!!!. 면종류는 항상 반그릇 먹고 배불러서 못먹는데 ㅎㅎ 한그릇 다 해치웠습니다!!
다른 냉면집은 냉면안에 오이랑 무 엄청 조금들어서 항상 면만 먹는데,  요기는 엄청 넉넉하게 들어있어서 끝까지 맛있게 먹었어요. 고기양도 넉넉하고.. 물냉 육수도 서비스로 주셔서 너무 잘 먹었습니다. ㅎㅎ"
천수냉면-신당점,2021년 4월 11일,5,5,5,"
            물냉면/1(추가메뉴(곱빼기,대왕육수)),김치왕만두/1
          ",맛있게 잘 먹었어요
천수냉면-신당점,2021년 4월 11일,5,5,5,"
            우삼겹된장찌개/1,물냉면or물막국수중 택1＋숯불고기180g＋육수/1(메뉴선택(물냉면))
          ",배송도 빠르고 맛은 뭐 말해뭐해요 시켜드세요
천수냉면-신당점,2021년 4월 9일,5,4,5,"
            물냉면or물막국수중 택1＋숯불고기180g＋육수/1(메뉴선택(물냉면)),반반왕만두（김치3개＋고기3개）/1
          ",요청사항에 육수 많이 부탁드렸는데 갈수록 왜 육수가 점점 줄어들까요 ㅎㅎ 여튼 항상 맛있어서 감사히 아용하고 있숩니다.건강하세요:)
천수냉면-신당점,2021년 4월 7일,5,5,5,"
            물냉면/1(추가메뉴(대왕육수)),갈비만두/1
          ",맛있어요 ㅎㅎ감사합니다 또시킬께요
천수냉면-신당점,2021년 4월 6일,5,5,5,"
            비빔냉면/1(추가메뉴(곱빼기,대왕육수)),얼큰해장물냉면/1(추가메뉴(대왕육수))
          ","생각보단 맵긴 했지만
맛나네요~
넉넉한 육수 서비스도 완전 감사요~^^"
천수냉면-신당점,2021년 4월 6일,5,5,5,"
            물냉면/1(추가메뉴(대왕육수)),비빔막국수/1(추가메뉴(대왕육수)),김치왕만두/1
          ",맛있었어요‥ 넉넉한 육수‥감사합니다
천수냉면-신당점,2021년 4월 5일,5,5,5,"
            물냉면/1(추가메뉴(곱빼기,대왕육수)),비빔냉면/1(추가메뉴(곱빼기,대왕육수))
          ","물냉면을 엄청 좋아하는데
국물맛이 깔끔하고 아주 맛있어요.
무엇보다 배달이 빨라서 좋았습니다."
천수냉면-신당점,2021년 4월 5일,5,5,5,"
            비빔막국수/2(추가메뉴(대왕육수))
          ",잘 먹었습니다.
천수냉면-신당점,2021년 4월 4일,4,1,1,"
            물냉면/1,비빔냉면or비빔막국수중 택1＋숯불고기180g＋육수/1(메뉴선택(비빔냉면)),물냉면or물막국수중 택1＋숯불고기180g＋육수/2(메뉴선택(물냉면)),반반왕만두（김치3개＋고기3개）/2
          ","맛은 괜찮은데... 만두 두 가 시켰는데 하나만 왔네요
아무리 전화해도 받지도 않으시고..
다음번에는 이런거 더 잘 신경써주시길 바랍니다"
천수냉면-신당점,2021년 4월 4일,5,5,5,"
            얼큰해장물냉면/1(추가메뉴(대왕육수)),갈비만두/1
          ",역시는역시지  맛있어용
천수냉면-신당점,2021년 3월 31일,5,5,5,"
            물냉면/1(추가메뉴(대왕육수)),반반왕만두（김치3개＋고기3개）/1
          ",배달도 빠르고 맛있어요~
천수냉면-신당점,2021년 3월 30일,3,5,2,"
            물냉면/2(추가메뉴(곱빼기))
          ",정말 맛잇고 배달도 빠르고 배부루개 먹을수있어서 굿
천수냉면-신당점,2021년 3월 28일,5,5,5,"
            참치김치찌개/1,물냉면or물막국수중 택1＋숯불고기180g＋육수/1(메뉴선택(물냉면))
          ","배달시간과 맛 모두 만족합니다
사진이없어 아쉬워서~~"
천수냉면-신당점,2021년 3월 27일,5,5,5,"
            물냉면/1(추가메뉴(대왕육수)),비빔냉면/1(추가메뉴(대왕육수)),갈비만두/1
          ",언제나 항상 맛있어요~
천수냉면-신당점,2021년 3월 27일,5,5,2,"
            물냉면/1,고기왕만두/1
          ",제가 찾던 그냉면 이네요 잘먹었읍니다
천수냉면-신당점,2021년 3월 26일,5,5,5,"
            얼큰해장물냉면/1(추가메뉴(대왕육수)),갈비만두/1
          ",맛있게 잘 먹었어요
천수냉면-신당점,2021년 3월 26일,5,5,5,"
            물냉면/1(추가메뉴(대왕육수)),비빔냉면/1
          ","배달 예상시간 보다  빨리 왔어요, 물냉은 랩포장으로 오고, 겨자&식초가 개별로 와서 좋았어요.
육수도 냉면도 맛나서 또 주문하려고요."
천수냉면-신당점,2021년 3월 23일,5,5,5,"
            비빔냉면/1(추가메뉴(대왕육수)),목살김치찌개/1,우삼겹된장찌개/1,갈비만두/1
          ",맛잇어요 냉면이 난리나네요
천수냉면-신당점,2021년 3월 23일,4,5,5,"
            물냉면/1,비빔냉면/1(추가메뉴(곱빼기))
          ","맛있게
잘 먹었습니다^^
다음에 또 시킬게요"
천수냉면-신당점,2021년 3월 23일,5,5,5,"
            얼큰해장물냉면/1(추가메뉴(대왕육수)),우삼겹된장찌개/1
          ",일주일에 한번은 시켜먹어요 너무 맛있어요 ㅠㅠ 된장찌개는 사진 깜빡해서 못찍었는게 이번에는 반찬이 따로 안왔어요ㅠㅠㅠ
천수냉면-신당점,2021년 3월 21일,5,5,5,"
            얼큰해장물냉면/2
          ","늘 시켜먹는데 맛있어요
오늘도 맛있게 먹었어요!"
천수냉면-신당점,2021년 3월 21일,5,5,5,"
            물냉면/1(추가메뉴(대왕육수)),얼큰해장물냉면/1(추가메뉴(대왕육수)),비빔냉면or비빔막국수중 택1＋숯불고기180g＋육수/1(메뉴선택(비빔냉면)),물냉면or물막국수중 택1＋숯불고기180g＋육수/1(메뉴선택(물냉면)),반반왕만두（김치3개＋고기3개）/1
          ",좋아요 배송빠르고 좋아요 #^^
천수냉면-신당점,2021년 3월 20일,5,5,5,"
            물냉면/1,김치왕만두/1
          ",첫주문였는데 너무 맛있어서 놀랐어요~만두도맛있구요.반신반의하고주문했는데 기대이상~무조건 시키세요~냉면은 이젠여기서만시킬라구요~💕정말찐찐👍👍
천수냉면-신당점,2021년 3월 20일,5,5,5,"
            물냉면/1(추가메뉴(대왕육수)),얼큰해장물냉면/1(추가메뉴(대왕육수)),김치왕만두/1
          ",맛있게 잘먹었습니다‥만두도 아주맛있었어요ㆍ수고하세요
천수냉면-신당점,2021년 3월 20일,5,5,5,"
            물냉면/1(추가메뉴(대왕육수)),얼큰해장물냉면/1(추가메뉴(대왕육수))
          ","맛있습니다,많이파세요"
천수냉면-신당점,2021년 3월 18일,5,5,5,"
            물냉면/1(추가메뉴(대왕육수)),갈비만두/1
          ",맛있어요 ㅎㅎ감사합니다 또시킬께요
천수냉면-신당점,2021년 3월 16일,5,5,5,"
            물냉면or물막국수중 택1＋숯불고기180g＋육수/1(메뉴선택(물냉면)),고기왕만두/1,트리플만두/1
          ",매우 감사합니다
천수냉면-신당점,2021년 3월 15일,4,4,5,"
            비빔냉면/1,물냉면or물막국수중 택1＋숯불고기180g＋육수/1(메뉴선택(물냉면))
          ",물냉 넘 맛잇고 비냉은 조금맵고 소스에서 과일맛이 많이나여 끝맛이 파인애플 맛이 나더라구요 육수도 하나씩 주셔서 넉넉히 잘 먹었습니다 그런데 고기에 비계랑 기름이 너무 많아서 좀 많이 느끼했어요ㅠㅠ 그점만 빼곤 만족했습니다 마니 파세요~~!
천수냉면-신당점,2021년 3월 14일,5,5,3,"
            비빔막국수/1(추가메뉴(대왕육수)),갈비만두/1
          ","배달이 늦어서 굳어있네요 ㅠㅠ
그래도 맛있게 먹었습디다!"
천수냉면-신당점,2021년 3월 13일,5,5,5,"
            얼큰해장물냉면/1(추가메뉴(대왕육수)),얼큰해장물냉면/1(추가메뉴(곱빼기,대왕육수)),목살김치찌개/1
          ",주1회 꼭 먹는중 ㅎㅎ 존맛이에용
천수냉면-신당점,2021년 3월 13일,5,5,5,"
            물냉면/1(추가메뉴(곱빼기,대왕육수)),비빔막국수/1(추가메뉴(곱빼기)),고기왕만두/1
          ","배달 중 문제가 있었는데
응대도 친절히 해주시고
음식도 맛있었습니다
다음에 또 주문할게요"
천수냉면-신당점,2021년 3월 13일,5,5,5,"
            물냉면/1(추가메뉴(곱빼기,대왕육수)),비빔냉면/1(추가메뉴(대왕육수))
          ",맛있게 잘 먹었습니다
천수냉면-신당점,2021년 3월 11일,5,5,5,"
            비빔냉면/1(추가메뉴(대왕육수)),비빔냉면or비빔막국수중 택1＋숯불고기180g＋육수/1(메뉴선택(비빔막국수)),비빔냉면or비빔막국수중 택1＋숯불고기180g＋육수/1(메뉴선택(비빔냉면))
          ","배달도 빠르게도착했고,음식도 맛있네요.포장도 잘 되어있고 좋네요.수고하세요!"
천수냉면-신당점,2021년 3월 11일,5,5,5,"
            비빔냉면or비빔막국수중 택1＋숯불고기180g＋육수/1(메뉴선택(비빔냉면)),반반왕만두（김치3개＋고기3개）/1
          ",백번 천번 드세요 짱맛
천수냉면-신당점,2021년 3월 7일,5,5,4,"
            얼큰해장물냉면/1(추가메뉴(대왕육수)),우삼겹된장찌개/1
          ",맛있어요 ! 오늘은 찌개가 조금 짰어요ㅠㅠ
천수냉면-신당점,2021년 3월 7일,5,5,5,"
            물막국수/1,비빔막국수/1
          ",배달빠르고 맛있는데.. 비빔국수가 넘 매워서 혼났네요ㅋ 살짝만 덜 매웠음 좋겠어요~
천수냉면-신당점,2021년 3월 3일,5,5,5,"
            물냉면/1(추가메뉴(곱빼기,대왕육수)),비빔냉면/1(추가메뉴(곱빼기,대왕육수))
          ",만족 매우 만족 잊니다
천수냉면-신당점,2021년 2월 28일,5,5,5,"
            물냉면/1,비빔냉면/1
          ",맛있게 잘먹었습니다 ^^
천수냉면-신당점,2021년 2월 27일,5,5,5,"
            물냉면/1(추가메뉴(곱빼기,대왕육수)),비빔냉면/1
          ",오늘도잘먹었습니다~
천수냉면-신당점,2021년 2월 21일,5,5,5,"
            물냉면/1(추가메뉴(대왕육수)),비빔냉면/1(추가메뉴(대왕육수))
          ",크 해장 굿ㅋㅋㅋㅋ
천수냉면-신당점,2021년 2월 20일,5,5,5,"
            물냉면/2,비빔냉면/1(추가메뉴(곱빼기)),비빔냉면/1(추가메뉴(대왕육수)),고기왕만두/1
          ","존맛태5이에요
부모님도좋아하시며드셨어요!"
천수냉면-신당점,2021년 2월 20일,5,5,5,"
            물냉면or물막국수중 택1＋숯불고기180g＋육수/1(메뉴선택(물냉면)),갈비만두/1,콜라1.25L/2
          ","배달 엄청 빠르고 음식도 역시나 맛있어요.
저는 자주 시켜먹어요~
사진은 다 먹고 찍었네요. ㅎㅎ"
천수냉면-신당점,2021년 2월 14일,5,5,5,"
            비빔냉면or비빔막국수중 택1＋숯불고기180g＋육수/1(메뉴선택(비빔냉면)),비빔냉면or비빔막국수중 택1＋숯불고기180g＋육수/1(메뉴선택(비빔막국수))
          ",맛있게 잘 먹었습니다
천수냉면-신당점,2021년 2월 13일,5,5,5,"
            물냉면/1,비빔냉면or비빔막국수중 택1＋숯불고기180g＋육수/1(메뉴선택(비빔냉면))
          ",배달 시간..양..맛 전부 맘에 듭니다~~^^맛나게 잘 먹었읍니다~~^^
천수냉면-신당점,2021년 2월 12일,5,5,4,"
            물냉면or물막국수중 택1＋숯불고기180g＋육수/1(메뉴선택(물냉면))
          ",물냉면 육수 진짜 맛있네요 숯불고기는 양념이 조금강한듯하네요 냉면은 내가선호하는 정말맛있었어요
천수냉면-신당점,2021년 2월 11일,5,5,5,"
            물냉면/1(추가메뉴(곱빼기)),고기왕만두/1
          ",굿굿굿 아주 마싯고오 ㅎㅎ
천수냉면-신당점,2021년 2월 6일,5,5,5,"
            물냉면/1(추가메뉴(곱빼기))
          ",간만에 냉면 먹엇는데 맛있었어요
천수냉면-신당점,2021년 2월 6일,1,5,5,"
            물냉면/1(추가메뉴(대왕육수)),얼큰해장물냉면/1(추가메뉴(대왕육수))
          ",너무 달아요. 얼큰냉면주문했는데 매운맛보다 단맛이 너무 강해요.. 두입만 먹고 못먹엇어요.
천수냉면-신당점,2021년 2월 4일,5,5,5,"
            물냉면/1,비빔냉면/1(추가메뉴(곱빼기))
          ",맛나요 최고 100점 잘먹었습니다
천수냉면-신당점,2021년 2월 4일,3,3,4,"
            비빔냉면or비빔막국수중 택1＋숯불고기180g＋육수/1(메뉴선택(비빔냉면)),갈비만두/1
          ","분명 비빔냉면 시켰는데 물냉면이 왔더군요.

처음엔 국물많은 비빔냉면인줄 알았는데 정말 물냉면이었습니다.

완전히 잘못배달됐더군요."
천수냉면-신당점,2021년 1월 28일,5,5,5,"
            비빔냉면/1(추가메뉴(곱빼기,대왕육수)),반반왕만두（김치3개＋고기3개）/1,콜라500mL/1
          ",매우 만족합니다 감사합니다
천수냉면-신당점,2021년 1월 27일,5,5,5,"
            비빔냉면/2
          ",자주 시켜먹어요 ㅎㅎ맛있거든요
천수냉면-신당점,2021년 1월 27일,5,5,5,"
            물냉면/2(추가메뉴(대왕육수)),비빔냉면or비빔막국수중 택1＋숯불고기180g＋육수/1(메뉴선택(비빔막국수))
          ",여름에 자주 주문해 먹던 곳이라 맛은 정말 인정합니다. 추운 날 먹는데도 식구들이  잘 먹네요.육수도 늘 넉넉히 주셔서 잘 먹었어요.
천수냉면-신당점,2021년 1월 25일,5,5,5,"
            물냉면/1,고기왕만두/1
          ",냉면 조아 냉면 없이 못살아 ㅡ_ㅡ
천수냉면-신당점,2021년 1월 24일,4,5,5,"
            비빔냉면/1(추가메뉴(대왕육수)),얼큰해장물냉면/1(추가메뉴(대왕육수))
          ","진짜 맛있는데.
진짜 매워요..."
천수냉면-신당점,2021년 1월 21일,5,5,5,"
            비빔냉면/1(추가메뉴(곱빼기,대왕육수)),갈비만두/1
          ",이정도로 매워도 되나~~~~~~~~싶을정도로 매움
천수냉면-신당점,2021년 1월 20일,5,5,5,"
            물냉면/1(추가메뉴(대왕육수)),우삼겹된장찌개/1,공기밥/1,후라이/1
          ","맛있습니다.
잘먹었어요.
다음에 또 시킬께요"
천수냉면-신당점,2021년 1월 17일,5,5,5,"
            물냉면/1(추가메뉴(대왕육수)),비빔막국수/1(추가메뉴(곱빼기))
          ","우선 주말이여도 배달 빠릅니다
육수를 많이 챙겨 주셔서 너무 감사합니다
맛있게 잘먹었습니다"
천수냉면-신당점,2021년 1월 16일,4,4,5,"
            물막국수/1,비빔막국수/1,고기왕만두/1
          ",맛있게 잘 먹었어요
천수냉면-신당점,2021년 1월 10일,5,5,5,"
            물냉면/1,비빔냉면/1,반반왕만두（김치3개＋고기3개）/1
          ",냉면 맛나용 만두는 김치보다 고기만두가 맛있어용!
천수냉면-신당점,2021년 1월 10일,5,5,5,"
            비빔막국수/1,고기왕만두/1
          ",맛있어용 양도많고...입맛없을때딱입니다
천수냉면-신당점,2021년 1월 9일,5,5,5,"
            물냉면/1(추가메뉴(곱빼기,대왕육수)),얼큰해장물냉면/1(추가메뉴(곱빼기,대왕육수))
          ",감사합니다~너무 맛있어요
천수냉면-신당점,2021년 1월 9일,5,5,5,"
            비빔냉면/1,비빔냉면or비빔막국수중 택1＋숯불고기180g＋육수/1(메뉴선택(비빔냉면))
          ",저희 가족은 여기 냉면만 먹어용
천수냉면-신당점,2021년 1월 5일,5,5,3,"
            물냉면/1(추가메뉴(곱빼기,대왕육수)),비빔냉면/1(추가메뉴(대왕육수))
          ",제가 냉면킬러인데  이집만한곳이없네요....
천수냉면-신당점,2021년 1월 4일,5,5,5,"
            비빔냉면or비빔막국수중 택1＋숯불고기180g＋육수/1(메뉴선택(비빔막국수)),비빔냉면or비빔막국수중 택1＋숯불고기180g＋육수/1(메뉴선택(비빔냉면))
          ",맛있습니다요🥳🥳🥳🥳🥳🥳🥳
천수냉면-신당점,2021년 1월 3일,3,4,5,"
            비빔냉면or비빔막국수중 택1＋숯불고기180g＋육수/1(메뉴선택(비빔냉면)),물냉면or물막국수중 택1＋숯불고기180g＋육수/2(메뉴선택(물냉면)),갈비만두/1
          ",맛있게 먹었습니다. 배달 왔을따 고기포장에 기름이 흘러서 뜯기 힘들었습니다.ㅠ
천수냉면-신당점,2021년 1월 3일,5,5,5,"
            비빔냉면or비빔막국수중 택1＋숯불고기180g＋육수/3(메뉴선택(비빔냉면)),갈비만두/1
          ",갠적으로 육쌈보다 맛있는 것 같아요
천수냉면-신당점,2021년 1월 2일,5,5,4,"
            물냉면/1(추가메뉴(대왕육수)),불비냉/1(추가메뉴(대왕육수)),반반왕만두（김치3개＋고기3개）/1,갈비만두/1
          ",젓가락 안넣어주심.. ㅠㅠ 편의점가서 받아옴 맛있었어요
천수냉면-신당점,2020년 12월 31일,5,5,5,"
            목살김치찌개/1,물냉면or물막국수중 택1＋숯불고기180g＋육수/1(메뉴선택(물막국수))
          ",푸짐하고 맛있게 먹는 중입니다. 입맛 없을 때 최고 인듯!
천수냉면-신당점,2020년 12월 30일,5,5,5,"
            물냉면/1(추가메뉴(대왕육수)),비빔냉면/1(추가메뉴(대왕육수))
          ",드뎌 동네에서 제일 맛있는 냉면집을 찾았네요~ 맛+양+서비스 모두잡은 맛집입니다. 배달 소요시간도 처음 대기시간보다 엄청나게 빠르게 배달되었습니다~ 굿!!
천수냉면-신당점,2020년 12월 29일,5,5,5,"
            물냉면/1,갈비만두/1
          ","맛있게 잘 먹었습니다.
제가 좀 짜게 먹는지 간이 좀 약한것 같았어요.
갈비만두는 너무 맛있었어요~~"
천수냉면-신당점,2020년 12월 28일,5,5,5,"
            물냉면/1,얼큰해장물냉면/1(추가메뉴(대왕육수))
          ",국물도 많이주고 애용하겠습니다
천수냉면-신당점,2020년 12월 28일,5,5,5,"
            물냉면/2(추가메뉴(곱빼기))
          ",아이들도 맛있다고 하네요!
천수냉면-신당점,2020년 12월 28일,5,5,5,"
            물냉면/1,비빔냉면/1(추가메뉴(대왕육수)),고기왕만두/1
          ",항상맛있어요ㅎㅎㅎㅎ
천수냉면-신당점,2020년 12월 27일,4,5,5,"
            물냉면/3,얼큰해장물냉면/1
          ",해장하는데 좋앗습니다 양이 너무 많아요
천수냉면-신당점,2020년 12월 27일,5,5,5,"
            물막국수/1,갈비만두/1
          ","양도 푸짐하고 맛있었어요
다음번엔 비빔도 시켜먹어보고싶네여!!!!!!잘먹엇습니당"
천수냉면-신당점,2020년 12월 23일,5,5,5,"
            물냉면/1(추가메뉴(대왕육수)),물냉면/1(추가메뉴(곱빼기)),비빔냉면/1,갈비만두/1
          ",양이 엄청 많고 맛있네요~^^
천수냉면-신당점,2020년 12월 23일,4,5,5,"
            물냉면/1(추가메뉴(대왕육수)),물냉면/1(추가메뉴(곱빼기,대왕육수)),비빔냉면/1(추가메뉴(대왕육수))
          ","물냉면 - 오이를 좋아하긴하는데 너무 많이들어있어서 놀랐습니다ㅎㅎ 맛은 좋습니당ㅎ
시원하고 짱입니당ㅎㅎ

비빔냉면 - 너무 맵대요ㅠ 육수부었는데도ㅎㅎ
그래도 맛은 있대엽ㅎㅎ

냉면 배달시켜서 왔을 때 이렇게 시원하게 온집은 첨이네유ㅎㅎ 글구 양도 최고입니닼ㅋㅋ 면이 안줄어욬ㅋㅋ"
천수냉면-신당점,2020년 12월 21일,5,5,5,"
            비빔막국수/1(추가메뉴(대왕육수)),비빔냉면or비빔막국수중 택1＋숯불고기180g＋육수/1(메뉴선택(비빔냉면)),물냉면or물막국수중 택1＋숯불고기180g＋육수/2(메뉴선택(물냉면)),고기왕만두/1
          ","맛있고 양도 넉넉했어요. 
근데 배달 도중 포장이 터졌는지 고기 기름이 다 흘러서 치우기 힘들었네요ㅠㅠ"
천수냉면-신당점,2020년 12월 21일,5,5,5,"
            비빔냉면or비빔막국수중 택1＋숯불고기180g＋육수/2(메뉴선택(비빔막국수))
          ",맛있게 잘 먹었습니다~
천수냉면-신당점,2020년 12월 20일,5,5,5,"
            물냉면/1(추가메뉴(곱빼기,대왕육수)),비빔냉면/1(추가메뉴(대왕육수))
          ",매우 좋아요 감사합니다
천수냉면-신당점,2020년 12월 19일,5,5,5,"
            물냉면or물막국수중 택1＋숯불고기180g＋육수/1(메뉴선택(물냉면)),트리플만두/1,콜라1.25L/1
          ","30분도 안걸려서 배달 왔어요.
맛있습니다. 맛있어~"
천수냉면-신당점,2020년 12월 10일,5,5,5,"
            물냉면/1,비빔냉면/1
          ","먹다보니 리뷰쓰는걸 깜박했어요
그래서 먹다말고 찰칵~~~
냉면이 너무먹고싶어서 시켯는데
굿초이스~~~
넘나맛나네욤^^"
천수냉면-신당점,2020년 12월 8일,5,5,5,"
            물냉면/1,불비냉/1(추가메뉴(곱빼기))
          ",이한치한 겨울엔 냉면이죠ㅋㅋ 넘나 맛있어요
천수냉면-신당점,2020년 12월 7일,5,5,5,"
            비빔냉면/1(추가메뉴(곱빼기,대왕육수)),김치왕만두/1
          ",육수 맛있어요~ 조금 맵기는 하지만 맛이 깔끔해서 자꾸 생각나요~
천수냉면-신당점,2020년 12월 5일,5,5,5,"
            얼큰해장물냉면/1(추가메뉴(대왕육수)),고기왕만두/1
          ",얼큰해장물냉면 강추합니다
천수냉면-신당점,2020년 12월 5일,5,5,5,"
            비빔냉면or비빔막국수중 택1＋숯불고기180g＋육수/2(메뉴선택(비빔냉면))
          ",냉면 너무 맛났어요ㅎㅎㅎ맵지도 않네요
천수냉면-신당점,2020년 12월 5일,1,3,2,"
            비빔냉면or비빔막국수중 택1＋숯불고기180g＋육수/1(메뉴선택(비빔막국수)),물냉면or물막국수중 택1＋숯불고기180g＋육수/1(메뉴선택(물냉면))
          ","왠만하면 리뷰안쓰려다씁니다
일단 고기냄새 너무심해서 못먹었구요, 물냉은 그나마 조금 먹고 막국수는 아니네요.
두시간기다려 먹은게 리뷰보고선택했는데 아ㅜ"
천수냉면-신당점,2020년 12월 4일,5,5,5,"
            물냉면/1(추가메뉴(곱빼기)),비빔냉면/1(추가메뉴(곱빼기)),비빔냉면or비빔막국수중 택1＋숯불고기180g＋육수/1(메뉴선택(비빔냉면)),반반왕만두（김치3개＋고기3개）/1
          ","냉면 단골입니다~
한달에 두세번은 먹는거 같아요"
천수냉면-신당점,2020년 11월 30일,5,5,5,"
            물냉면/1,반반왕만두（김치3개＋고기3개）/1
          ",맛있게 잘 먹었습니다. 냉면 육수양이 만족스럽습니다.
천수냉면-신당점,2020년 11월 27일,5,5,5,"
            얼큰해장물냉면/1(추가메뉴(대왕육수)),고기왕만두/1
          ","매운줄모르고먹다가 다먹고나니 씁씁거리고.. ㅋㅋㅋㅋ
냉면뚜껑여는슌간부터 맛있는 냄새가❤️ 잘먹었습니당"
천수냉면-신당점,2020년 11월 26일,5,5,5,"
            물냉면or물막국수중 택1＋숯불고기180g＋육수/1(메뉴선택(물냉면)),갈비만두/1
          ","잠시 한국에 들어와서 너~무 냉면이 먹고 싶었는데 ㅠㅠ 그리웠던 그 맛이었고...정말 맛있었습니다. 양은 보통이라고 생각하는데 저에게 딱 맞았습니다. 많이 드시는 분은 곱빼기 시키셔야 할 것 같아요. 고기도 맛있고 특히 물냉면은 육수도 많고 냉면 무절임이랑 오이, 깨가 가득 올라가 있어서 너무 만족스러웠습니다! 배달도 생각보다 빨리 와서 여기서 자주 시켜 먹을 것 같아요!"
천수냉면-신당점,2020년 11월 25일,3,4,4,"
            비빔냉면or비빔막국수중 택1＋숯불고기180g＋육수/1(메뉴선택(비빔냉면)),김치왕만두/1
          ",만두는 맛있는데 냉면은 그저 그런.. 그래도 무난하게 잘 먹었어요!
천수냉면-신당점,2020년 11월 19일,5,5,5,"
            비빔막국수/1,물냉면or물막국수중 택1＋숯불고기180g＋육수/1(메뉴선택(물막국수))
          ",양 많아요. 고기도 맛있어용 근데 비빔막국수는 저한테는 좀 매워서 육수 넣어먹었어오
천수냉면-신당점,2020년 11월 18일,4,1,5,"
            고기왕만두/2,김치왕만두/2,갈비만두/2
          ","왕만두가격이6000원인데왜5개지요?
개당1200원? 1개씩비어있는포장이너무웃겨요.ㅋㅋㅋ"
천수냉면-신당점,2020년 11월 15일,5,5,5,"
            물냉면/1(추가메뉴(곱빼기)),비빔냉면/1(추가메뉴(대왕육수)),고기왕만두/1
          ","최고입니당
배달도 20분만에 왔네요 ㅎ.ㅎ"
천수냉면-신당점,2020년 11월 15일,3,2,5,"
            얼큰해장물냉면/1(추가메뉴(곱빼기,대왕육수)),불비냉/1(추가메뉴(곱빼기,대왕육수))
          ","여름에 시켰을땐 살얼음도 많았는데 겨울이라그런가 이번엔 살얼음도 별루없구요 저번에 곱배기양 많아서 또 시켰는데 까먹으신건지 ,, 양이 너무 적었어요,,, 맛은 있는데 저번에 비해 이번주문은 전체적으로 좀 실망이네요ㅠㅠ"
천수냉면-신당점,2020년 11월 14일,5,5,5,"
            비빔냉면/1(추가메뉴(곱빼기)),갈비만두/1
          ","맛도좋고 양도많아서 조금 남겼네요
최고입니다"
천수냉면-신당점,2020년 11월 8일,5,5,3,"
            얼큰해장물냉면/1(추가메뉴(대왕육수)),갈비만두/1,공기밥/1
          ",냉면 갈비만두 넘 맛있게 먹었는데 서비스로 주신 육수에 웬 머리카락 ㅠㅠ위생에 신경 좀 써야겠네요..해정할려구 냉면시켰는데 속이 다시 메슥거림..근데 음식은 진짜 맛있음
천수냉면-신당점,2020년 11월 7일,4,4,5,"
            물냉면or물막국수중 택1＋숯불고기180g＋육수/1(메뉴선택(물냉면)),콜라1.25L/1
          ","친구한테 시킨 건데, 친구가 괜찮대요."
천수냉면-신당점,2020년 11월 1일,5,5,5,"
            물냉면/1,고기왕만두/1
          ",맛있어요 ㅎㅎ감사합니다 해장에 최고
천수냉면-신당점,2020년 11월 1일,5,5,5,"
            물냉면or물막국수중 택1＋숯불고기180g＋육수/1(메뉴선택(물냉면)),갈비만두/1
          ","배달 60분 카톡왔는데 20분안에옴 ㄷㄷ 
그리고 음식도 다 맛있네요 ㅎㅎ 
냉면 고기 갈비만두 전부 굳 ㅎ 
여기 첨 시켜봣는데 이젠 자주 시킬거같은 ㅎ"
천수냉면-신당점,2020년 10월 28일,5,5,5,"
            물냉면/1,고기왕만두/1
          ",맛있어요 ㅎㅎ감사합니다 또시킬께요 자주시켜요
천수냉면-신당점,2020년 10월 25일,4,5,4,"
            물냉면/1(추가메뉴(대왕육수)),비빔냉면/1(추가메뉴(곱빼기))
          ",얼음이 너어무 많아서 면이 반쯤 얼었어요
천수냉면-신당점,2020년 10월 23일,5,5,5,"
            물냉면/1(추가메뉴(곱빼기)),고기왕만두/1
          ",맛있어요 ㅎㅎ감사합니다 또시킬께요 자주시켜요 ㅎㅎ
천수냉면-신당점,2020년 10월 18일,5,2,5,"
            물냉면/1(추가메뉴(대왕육수)),얼큰해장물냉면/1(추가메뉴(대왕육수))
          ",해장으로 잘 먹었습니다
천수냉면-신당점,2020년 10월 17일,5,5,5,"
            물냉면/1(추가메뉴(대왕육수)),비빔냉면/1(추가메뉴(대왕육수))
          ","아이 학원시간이 때문에 조금 빨리 왔으면 ..
하면 기다리는데 정말 빨리왔네요 ㅎㅎㅎ
예상시간60분이러 못먹이고 보내면 어쩌나..
걱정이 많았거든요 ㅎㅎㅎㅎ
아이와 맛있는 식사를 했네요~~
잘먹었습니다"
천수냉면-신당점,2020년 10월 16일,5,5,5,"
            물냉면/1,고기왕만두/1
          ",맛있어요 ㅎㅎ감사합니다 또시킬께요 자주시켜요
천수냉면-신당점,2020년 10월 12일,5,5,5,"
            불비냉/2,갈비만두/1
          ",맛있고 배달도 빠르고 좋아요
천수냉면-신당점,2020년 10월 11일,5,5,5,"
            얼큰해장물냉면/1(추가메뉴(곱빼기,대왕육수)),차돌된장찌개/1
          ",맛있게잘먹었습다ㅎㅎ
천수냉면-신당점,2020년 10월 7일,4,4,5,"
            물냉면/1,비빔냉면/1(추가메뉴(대왕육수)),비빔냉면or비빔막국수중 택1＋숯불고기180g＋육수/1(메뉴선택(비빔냉면)),갈비만두/1
          ","물냉은 딸아이가 잘 먹는데..
비냉은 매운 맛만 남네요...
이집만의 독특한 맛일까? 생각했는데..
먹을수록 매워요..개운한 매운 맛이 아니어서 매운맛을 좀 줄이셔야 할 듯 합니다.."
천수냉면-신당점,2020년 10월 7일,5,5,5,"
            물냉면/1,갈비만두/1
          ",맛있어요 ㅎㅎ감사합니다또시킬께요
천수냉면-신당점,2020년 10월 7일,5,5,5,"
            물냉면/1(추가메뉴(곱빼기,대왕육수)),비빔냉면/1
          ",메우 ㅈㅎ아요 감사합니다
천수냉면-신당점,2020년 10월 7일,4,4,4,"
            얼큰해장물냉면/1,김치왕만두/1
          ",맛있고 매워요~좋아하는 매운맛은 아니지만 잘 먹었어요ㅎㅎ
천수냉면-신당점,2020년 10월 5일,1,5,5,"
            물냉면/2(추가메뉴(곱빼기,대왕육수))
          ",배달은빨리왔어요.근데  같이먹던사람과 제입맛엔 영 아니네요. 맛이바뀐건지 최악이였습니다.. 음식물치우는게 더 힘들었네요  쩝
천수냉면-신당점,2020년 10월 4일,5,5,3,"
            물냉면or물막국수중 택1＋숯불고기180g＋육수/1(메뉴선택(물냉면)),공기밥/1,사이다1.25L/1
          ",맛있었어요 ㅎㅎㅎ 근데 요청사항에 문 앞에 두고 가달라고 적었는데 들고 계셔서 당황했네요ㅠ 요청사항 잘 체크 해주세요~~ 다대기 달라고 하신건 보셨던데ㅜ
천수냉면-신당점,2020년 10월 3일,4,5,5,"
            물냉면/2,비빔냉면/1(추가메뉴(곱빼기,대왕육수))
          ","비빔양념에참기름이빠진것같아요~
집에것으로먹었습니다.^^"
천수냉면-신당점,2020년 10월 3일,5,5,5,"
            물냉면/1,비빔냉면/2
          ",맛있게 잘먹었어요^^
천수냉면-신당점,2020년 9월 27일,5,5,5,"
            물냉면/1,고기왕만두/1
          ",맛있어요 ㅎㅎ감사합니다🙏
천수냉면-신당점,2020년 9월 26일,5,5,5,"
            물냉면/1(추가메뉴(대왕육수)),불비냉/1(추가메뉴(곱빼기,대왕육수))
          ","맛있어요. 양도 많고. 불냉면 정말 맵습니다. :)
추석 잘 보내세요"
천수냉면-신당점,2020년 9월 26일,5,5,5,"
            물냉면/2(추가메뉴(대왕육수)),반반왕만두（김치3개＋고기3개）/1
          ","살얼음이 유지되고 있는 냉면은 처음 먹어보네요ㅋㅋㅋ
맛있게 잘먹었습니다ㅎㅎ"
천수냉면-신당점,2020년 9월 26일,5,5,5,"
            물냉면/1(추가메뉴(대왕육수)),비빔냉면/1(추가메뉴(곱빼기,대왕육수))
          ",냉면 진짜 맛있어요~!!!!
천수냉면-신당점,2020년 9월 23일,5,5,5,"
            비빔냉면/1(추가메뉴(대왕육수)),김치왕만두/1
          ",맛있게 잘먹었습니다~
천수냉면-신당점,2020년 9월 22일,5,5,5,"
            비빔냉면or비빔막국수중 택1＋숯불고기180g＋육수/1(메뉴선택(비빔냉면)),물냉면or물막국수중 택1＋숯불고기180g＋육수/1(메뉴선택(물막국수)),물냉면or물막국수중 택1＋숯불고기180g＋육수/1(메뉴선택(물냉면))
          ",양 많고 맛도 좋아요!!!
천수냉면-신당점,2020년 9월 16일,4,5,5,"
            물냉면/1(추가메뉴(곱빼기,대왕육수)),김치왕만두/1
          ",맛도 좋고 배달도 만족합니다 사진은 못찍었네요 ㅠㅠ
천수냉면-신당점,2020년 9월 15일,5,5,5,"
            물냉면/1(추가메뉴(대왕육수)),김치왕만두/1
          ",맛있어요 ㅎ 배달빠르구요
천수냉면-신당점,2020년 9월 13일,5,5,5,"
            물냉면/1,비빔냉면/1(추가메뉴(대왕육수))
          ",맛있게 잘 먹었습니다~!
천수냉면-신당점,2020년 9월 12일,5,5,5,"
            물냉면/1(추가메뉴(대왕육수)),얼큰해장물냉면/1(추가메뉴(대왕육수))
          ",잘 먹었습니다^<<
천수냉면-신당점,2020년 9월 10일,5,5,5,"
            물냉면/1(추가메뉴(대왕육수)),얼큰해장물냉면/1(추가메뉴(대왕육수))
          ",항상 맛있어요💕 추가로 더 주시는 육수 넘 맛있어요. 전 냉장고에 두고 담날까지 먹어요^^ 감사합니다!
천수냉면-신당점,2020년 9월 9일,5,5,5,"
            물냉면/1(추가메뉴(대왕육수)),비빔냉면/1
          ",배달도 빠르고 냉면도 맛있었습니다!!
천수냉면-신당점,2020년 9월 9일,5,5,5,"
            물냉면or물막국수중 택1＋숯불고기180g＋육수/1(메뉴선택(물막국수)),고기왕만두/1
          ",비록 사진은 못찍었지만 맛있는데 양도 많고 배달도 빠르네요!
천수냉면-신당점,2020년 9월 8일,5,5,5,"
            물냉면/1(추가메뉴(대왕육수)),비빔냉면/1(추가메뉴(곱빼기,대왕육수))
          ","서비스도 좋고 육수도 많이 보내주시고 참 좋습니다 살얼음 있는건 당연하구요
매운 양념이 흔히 먹어본 매운 맛이 아니어서 신선했습니다 앞으로도 생각날때 여기서 시킬 것 같아요"
천수냉면-신당점,2020년 9월 6일,5,5,5,"
            물냉면/1(추가메뉴(곱빼기)),반반왕만두（김치3개＋고기3개）/1
          ",맛있게 잘 먹었습니다
천수냉면-신당점,2020년 9월 6일,5,5,5,"
            물냉면/1,비빔냉면/1,물냉면or물막국수중 택1＋숯불고기180g＋육수/1(메뉴선택(물냉면))
          ","리뷰보고 시켰는데 맛도 괜찮고
포장도 깔끔하게 왔어요
비냉은 매콤해요^^
매운거 좋아하는 사람한데 딱이겠어요"
천수냉면-신당점,2020년 9월 6일,4,5,5,"
            비빔냉면/1(추가메뉴(대왕육수)),물냉면or물막국수중 택1＋숯불고기180g＋육수/1(메뉴선택(물냉면))
          ","배달 예상시간보다 훨씬 빨리 왔어요
육수도 많이 주셔서 넉넉하게 너무 잘먹었습니다!^^"
천수냉면-신당점,2020년 9월 4일,5,5,5,"
            비빔냉면/1,고기왕만두/1
          ","처음 배달해 먹었는데 비빔냉면 정말 맛있어요.
사진찍슨거 깜밖하고 다먹고나서 찍었네요.
다음부터 냉면은 이집으로 정했어요"
천수냉면-신당점,2020년 9월 4일,5,5,4,"
            비빔냉면/1(추가메뉴(대왕육수)),김치왕만두/1,갈비만두/1
          ",만두도 맛있고 냉면도 너무 맛있었습니다! 다만 벨을 누르지말라달라고 주문사항에 기재했는데 배달 시에 벨을 누르셔서 좀 놀랐습니다
천수냉면-신당점,2020년 9월 3일,5,5,5,"
            물냉면or물막국수중 택1＋숯불고기180g＋육수/2(메뉴선택(물냉면))
          ",잘 먹었어요 ^^!
천수냉면-신당점,2020년 8월 30일,5,5,5,"
            물냉면/1(추가메뉴(곱빼기,대왕육수)),비빔냉면/1(추가메뉴(대왕육수))
          ",배달예정시간보다 일찍 도착했어요 맛있게 잘먹었습니다!
천수냉면-신당점,2020년 8월 29일,4,4,4,"
            비빔냉면/1,물막국수/1
          ",음식이 주문한것과 다르게 왔네요..
천수냉면-신당점,2020년 8월 28일,3,5,5,"
            비빔냉면or비빔막국수중 택1＋숯불고기180g＋육수/1(메뉴선택(비빔막국수)),물냉면or물막국수중 택1＋숯불고기180g＋육수/1(메뉴선택(물냉면)),고기왕만두/1
          ",고기는 살짝 말랐고 퍽퍽했어요. 냉면 막국수는 평범했고 만두 맛있었어요! 양은 많았던 편
천수냉면-신당점,2020년 8월 25일,4,4,4,"
            물냉면/1,물냉면or물막국수중 택1＋숯불고기180g＋육수/1(메뉴선택(물냉면))
          ",맛이게. 잘먹었습니다~. 더운 날씨. 냉면이 최고~
천수냉면-신당점,2020년 8월 24일,4,5,4,"
            물냉면/1,고기왕만두/1
          ",더워서 주문이 많이 밀렸었나봐요 한시간 넘어서 왔네용 조금 불었지만 그래도 잘먹었어요 해장엔 역시 냉면 담에 또 머그께요
천수냉면-신당점,2020년 8월 23일,5,5,5,"
            물냉면/1(추가메뉴(대왕육수)),비빔냉면/1(추가메뉴(곱빼기))
          ",맛있게 잘먹섰습니다 육수가 맛있네요
천수냉면-신당점,2020년 8월 22일,5,5,5,"
            물냉면/1(추가메뉴(대왕육수)),비빔냉면/1(추가메뉴(대왕육수)),갈비만두/1
          ","물냉면 맛있네요

살얼음 좋아요~~~^^"
천수냉면-신당점,2020년 8월 22일,5,5,4,"
            얼큰해장물냉면/1(추가메뉴(대왕육수)),김치왕만두/1
          ",배달실수가 있으시긴 했는데 문의하니깐 바로 해결해주셨네여 그리고 여기 육수 서비스 너무 좋습니다 냉면 만두 둘다 맛있구요 좋았어요
천수냉면-신당점,2020년 8월 21일,5,5,5,"
            물냉면/1(추가메뉴(곱빼기,대왕육수)),얼큰해장물냉면/1(추가메뉴(곱빼기,대왕육수))
          ","자주 시켜먹는 곳이예요. 사진은 갈비만두랑 해장물냉면 시켜먹었던 사진인데, 넘 맛나요! 전 육수 추가로 주시는 거 너무 좋아해서 냉장고에 두고 담날까지 호로록 다른 음식이랑도 먹어요💕 추천합니당!"
천수냉면-신당점,2020년 8월 20일,5,5,5,"
            물냉면/1,물냉면/1(추가메뉴(곱빼기))
          ",너무 맛있어용 다음에도 시켜 먹을게요~
천수냉면-신당점,2020년 8월 19일,4,4,5,"
            얼큰해장물냉면/1,반반왕만두（김치3개＋고기3개）/1
          ",해장제대로됐어요 고기만두는괜찮앗어요ㅎ
천수냉면-신당점,2020년 8월 18일,4,5,5,"
            물냉면/1,물냉면/1(추가메뉴(대왕육수)),비빔냉면/1,고기왕만두/1
          ",예상 배달시간보다 넉넉히 일찍 도착해서 적당한 타이밍에 식사할 수 있었어요~ 양도 충분한거같고 튼튼하게 포장되서 왔습니다^^
천수냉면-신당점,2020년 8월 17일,5,5,5,"
            비빔냉면/1(추가메뉴(곱빼기,대왕육수)),고기왕만두/1
          ",냉면은 여기서만 시킵니다
천수냉면-신당점,2020년 8월 16일,5,5,5,"
            물냉면or물막국수중 택1＋숯불고기180g＋육수/4(메뉴선택(물냉면))
          ",맛있었어요~~배달도 빨리왔네요
천수냉면-신당점,2020년 8월 14일,4,5,5,"
            비빔냉면or비빔막국수중 택1＋숯불고기180g＋육수/1(메뉴선택(비빔냉면)),물냉면or물막국수중 택1＋숯불고기180g＋육수/1(메뉴선택(물냉면))
          ","우선 빠른배달 감사합니다 🙏 
저번에 먹고 맛있어서 또 주문했는데 오늘은 고기가 조금 타서 온것같아 아쉽네요. 그래도 육수는 시원하니 너무 맛있어요 !"
천수냉면-신당점,2020년 8월 13일,5,5,5,"
            비빔냉면/2(추가메뉴(대왕육수))
          ",잘 먹었습니다~!!
천수냉면-신당점,2020년 8월 11일,5,5,5,"
            물냉면/1(추가메뉴(곱빼기)),갈비만두/1
          ",애들이 덥다고 냉면 먹고싶다고해서 바로 천수냉면~이사오는 날부터 냉면은 항상 여기서 시켜먹어요 제일 맛있습니다^^잘먹었어요. 갈비만두 처음 시켜봤는데 맛 좋아요~
천수냉면-신당점,2020년 8월 10일,5,5,5,"
            물냉면/1(추가메뉴(대왕육수)),차돌된장찌개/1
          ",맛있게 잘먹었습니다 ㅏㅏㅏㅏㅏ
천수냉면-신당점,2020년 8월 10일,5,5,5,"
            물냉면/1,비빔막국수/1(추가메뉴(곱빼기)),고기왕만두/1
          ","양도많고, 비빔은 약간 매~콤~ 하네요, 만두도맛나게 먹었습니다. 그릇이 크고 짱짱하니 좋아서 다른데쓰려고 깨끗이  씻었네요.ㅎㅎ"
천수냉면-신당점,2020년 8월 9일,3,5,3,"
            물냉면/1,고기왕만두/1
          ",정말 맛있게 먹었지만 배달이 조금 느려 얼음이 다 녹았네요..
천수냉면-신당점,2020년 8월 8일,5,5,5,"
            물냉면/1(추가메뉴(곱빼기)),비빔냉면or비빔막국수중 택1＋숯불고기180g＋육수/1(메뉴선택(비빔냉면))
          ",살얼음많아서 좋아요ㅎㅎ
천수냉면-신당점,2020년 8월 4일,5,5,5,"
            물냉면/1(추가메뉴(곱빼기)),고기왕만두/1
          ",맛있고 양도 많아서 냉면은 여기 것만 먹게 되네요.  적당히 맵게 해서 먹으면 더 맛있더라구요.  만두도 이번에는 터지지 않았고 맛있게 잘 먹었어요.
천수냉면-신당점,2020년 8월 3일,5,5,5,"
            물냉면/1,갈비만두/1
          ",맛있게먹었습니다 감사합니다ㅎㅎ
천수냉면-신당점,2020년 8월 2일,5,5,2,"
            물냉면or물막국수중 택1＋숯불고기180g＋육수/1(메뉴선택(물냉면)),반반왕만두（김치3개＋고기3개）/1
          ",맛있게 먹었습니다 ^^ 배달은 아저씨가 나보고 냐려오래ㅡㅡ;
천수냉면-신당점,2020년 8월 2일,5,5,5,"
            물냉면/1,비빔냉면/1(추가메뉴(곱빼기))
          ",정말맛있게 잘먹었습니다
천수냉면-신당점,2020년 7월 30일,1,4,1,"
            비빔냉면or비빔막국수중 택1＋숯불고기180g＋육수/1(메뉴선택(비빔냉면)),물냉면or물막국수중 택1＋숯불고기180g＋육수/1(메뉴선택(물막국수))
          ","막국수는 막국수가 아니라 물냉면보다 못하고
숯불 고기는 퍽퍽하고.....
배달은 막흔들고 온건지 아님 포장때문인지 음식이 전부
한쪽으로 몰려있고.....
양은 많은데 맛없고 양만 많음....
리뷰 쓸까말까 고민하다 올립니다."
천수냉면-신당점,2020년 7월 29일,5,5,5,"
            비빔냉면/1(추가메뉴(곱빼기)),고기왕만두/1
          ",육수가 깔끔하고. 양념이 너무 맛있네요. 왕만두도 좋았고요. 잘 먹었습니다
천수냉면-신당점,2020년 7월 28일,5,5,5,"
            얼큰해장물냉면/1(추가메뉴(대왕육수)),불비냉/1(추가메뉴(대왕육수))
          ",증말 가장 좋아하는 냉면 집이에요 항상 감사해요!
천수냉면-신당점,2020년 7월 27일,5,5,4,"
            물냉면/2(추가메뉴(대왕육수))
          ",냉면도 시원하고 맛있고 해서 맛있게 잘먹었습니다
천수냉면-신당점,2020년 7월 27일,5,5,5,"
            물냉면/1,반반왕만두（김치3개＋고기3개）/1
          ",매주 주말마다 시켜먹습니다 짱짱
천수냉면-신당점,2020년 7월 26일,4,4,4,"
            물냉면/1,물막국수/1,갈비만두/1
          ",맛있었어요!!!먹고 몸이 시원해짐
천수냉면-신당점,2020년 7월 26일,2,2,2,"
            물냉면or물막국수중 택1＋숯불고기180g＋육수/2(메뉴선택(물냉면))
          ","고기에서 냄새나는거 같아요
고기 그냥 버렸어요"
천수냉면-신당점,2020년 7월 24일,5,5,5,"
            비빔냉면/1(추가메뉴(곱빼기)),비빔냉면or비빔막국수중 택1＋숯불고기180g＋육수/1(메뉴선택(비빔냉면))
          ",맛잇게 잘먹엇습니당~ 포장이 엄청 깔끔햇어요^^
천수냉면-신당점,2020년 7월 22일,5,5,5,"
            물냉면/1(추가메뉴(곱빼기)),비빔냉면or비빔막국수중 택1＋숯불고기180g＋육수/1(메뉴선택(비빔냉면))
          ","물냉 비냉 둘 다 맛있네용ㅎㅎ 물냉에 살얼음도 많고, 비냉 육수에도 살얼음이👍👍"
천수냉면-신당점,2020년 7월 22일,5,5,5,"
            물냉면/1,비빔냉면/3
          ",다른 말 필여 없음 꿀맛
천수냉면-신당점,2020년 7월 21일,5,5,5,"
            비빔냉면/2(추가메뉴(대왕육수))
          ",맛있어서 옆집친구한테 소개시켰더니 주2회씩 먹는다네요~^^
천수냉면-신당점,2020년 7월 19일,4,3,5,"
            물냉면/1(추가메뉴(대왕육수)),얼큰해장물냉면/1(추가메뉴(대왕육수))
          ",양이 웬일인지 너무 적었네요....
천수냉면-신당점,2020년 7월 18일,1,1,5,"
            비빔냉면/1,고기왕만두/1
          ","와~~고기먹고 3천원 주면 나오는 서비스용 냉면인줄..배달시간 말곤..맛 ...양... 평타도못치네요.. 
댓글... 알바쓰는줄알겠네요... 만두는 평타는 나오네요."
천수냉면-신당점,2020년 7월 16일,4,5,5,"
            물냉면/1,고기왕만두/1,후라이/2
          ","단무지는 냉장고에 관리하지 않나요? 
별도로 주신 무는 괜찮은데 단무지는 상태가 이상해서 못먹었습니다."
천수냉면-신당점,2020년 7월 15일,5,5,5,"
            물냉면/1(추가메뉴(곱빼기)),고기왕만두/1
          ","더울 때 먹으니 시원하니 더 맛있네요.  이번에는 배달도 조금 빨리 왔네요.
만두도 맛있는데 조금만 덜 찌면 좋을 것 같아요.  만두피가 계속 터져서 먹기가 불편하더라구요."
천수냉면-신당점,2020년 7월 15일,5,5,5,"
            물냉면/1(추가메뉴(대왕육수)),비빔냉면/1(추가메뉴(대왕육수)),반반왕만두（김치3개＋고기3개）/1
          ",육수도 넉넉하게 보내주시고 양도 많아서 배부르게 먹었어요!!
천수냉면-신당점,2020년 7월 13일,5,4,5,"
            비빔냉면or비빔막국수중 택1＋숯불고기180g＋육수/1(메뉴선택(비빔냉면)),고기왕만두/1
          ",맛있고 배달 직원분이 친절하심..
천수냉면-신당점,2020년 7월 11일,5,5,5,"
            물냉면/1,갈비만두/1,공기밥/1,후라이/1
          ",맛있어요 배달도빠르고좋아요 또시킬께요
천수냉면-신당점,2020년 7월 9일,5,5,5,"
            물냉면/1(추가메뉴(곱빼기)),고기왕만두/1
          ",생각보다 양이 많아서 둘이서 곱배기 하나에 만두 시켰는데 양이 딱 맞아서 남기는 것 없이 아주 맛있게 잘 먹었어요.  배달도 지난 번보다 조금 빨리 왔구요.
천수냉면-신당점,2020년 7월 9일,5,5,5,"
            물냉면/1,비빔냉면or비빔막국수중 택1＋숯불고기180g＋육수/1(메뉴선택(비빔냉면))
          ",배달도 빠르고 맛있어요!!
천수냉면-신당점,2020년 7월 8일,5,5,5,"
            물냉면/1(추가메뉴(곱빼기,대왕육수)),비빔냉면or비빔막국수중 택1＋숯불고기180g＋육수/1(메뉴선택(비빔냉면)),갈비만두/1
          ",맛있게 잘 먹었습니다
천수냉면-신당점,2020년 7월 7일,4,5,5,"
            물냉면/2
          ",물냉면에 육수를 더 주시는게 좀 별로...다 버리는데...아깝고 환경오염...ㅜㅜ 일반 가정집에서 배달한것이 아니라 서비스 구성을 바꿔 보시는게...냉면은 먹고 추울 정도로 시원한 맛이에요~
천수냉면-신당점,2020년 7월 7일,3,3,1,"
            물냉면or물막국수중 택1＋숯불고기180g＋육수/1(메뉴선택(물냉면)),갈비만두/1
          ",배달오는데 1시간20분이 걸렸어요 음식은 맛있어요~
천수냉면-신당점,2020년 7월 7일,5,5,5,"
            비빔냉면/2
          ","맵지만 시원하고
맛있습니다~!!"
천수냉면-신당점,2020년 7월 5일,5,5,5,"
            물냉면/1(추가메뉴(곱빼기,대왕육수)),비빔냉면/2(추가메뉴(대왕육수))
          ","맛있어서 다먹어버렸네요;;
비빔냉면 살짝 맵습니다. 기분좋게매운정도? 순한맛도 출시되면 좋을거같아요"
천수냉면-신당점,2020년 7월 4일,5,5,5,"
            비빔냉면/1,반반왕만두（김치3개＋고기3개）/1,갈비만두/1
          ",배달도 빨랐고 맛있습니다.
천수냉면-신당점,2020년 7월 4일,5,5,5,"
            비빔냉면or비빔막국수중 택1＋숯불고기180g＋육수/1(메뉴선택(비빔냉면)),고기왕만두/1
          ",맛있었어요. 감사드립니다
천수냉면-신당점,2020년 7월 3일,5,5,5,"
            비빔냉면/3(추가메뉴(대왕육수))
          ","늘 맛있고... 또 맛있고..
일주일에 한번은 꼭 먹게 되네요..
돈 세다 잠드소서 사장님.."
천수냉면-신당점,2020년 7월 3일,4,4,5,"
            비빔냉면/1,물냉면or물막국수중 택1＋숯불고기180g＋육수/1(메뉴선택(물냉면))
          ",너무 맛잇어서 이번주만 2번째 시켰는데.. 비빔은 좀 매워요ㅜㅜ 그래도 또 시켜 먹을꺼예요! 강추입니다
천수냉면-신당점,2020년 7월 2일,5,5,5,"
            물냉면/1(추가메뉴(곱빼기,대왕육수)),목살김치찌개/1
          ",냉면은 항상 여기서!
천수냉면-신당점,2020년 7월 1일,5,5,5,"
            물냉면or물막국수중 택1＋숯불고기180g＋육수/2(메뉴선택(물냉면))
          ",굿굿ㅡㅡㅡㅡㅡㅡㅡㅡ
천수냉면-신당점,2020년 7월 1일,5,5,5,"
            물냉면/1(추가메뉴(대왕육수)),비빔냉면/1(추가메뉴(대왕육수))
          ",맛있습니다. 잘 먹었습니다.
천수냉면-신당점,2020년 6월 30일,5,5,5,"
            얼큰해장물냉면/1,고기왕만두/1
          ",여기 물냉 비냉 다 맛있어서 해장물냉 처음 시켜먹어봤는데 역시 맛있네요 ㅠㅠ 매운거 좋아하시는 분들은 맛있게 먹을 수 있을 것 같습니다 또 시켜먹을게요!
천수냉면-신당점,2020년 6월 30일,5,5,5,"
            물냉면or물막국수중 택1＋숯불고기180g＋육수/1(메뉴선택(물냉면)),사이다1.25L/1
          ",맛이아주좋고 배달빠르네요
천수냉면-신당점,2020년 6월 28일,5,5,5,"
            비빔냉면/1,물냉면or물막국수중 택1＋숯불고기180g＋육수/1(메뉴선택(물냉면))
          ",오늘도 맛나게 잘먹었습니다.
천수냉면-신당점,2020년 6월 28일,5,5,5,"
            물냉면/2(추가메뉴(곱빼기,대왕육수))
          ",ㅆㅆ숏ㅆㅅ호ㅇㄴㅈㅊ굿굿
천수냉면-신당점,2020년 6월 27일,4,5,5,"
            물냉면/1(추가메뉴(곱빼기)),공기밥/2,콜라1.25L/1
          ",잘 모르겠는데 취향아님
천수냉면-신당점,2020년 6월 26일,3,5,5,"
            물냉면/1,비빔냉면/1,비빔냉면/1(추가메뉴(곱빼기,대왕육수))
          ","배달빨리왔습니다.
포장잘되어왔어요~"
천수냉면-신당점,2020년 6월 25일,5,5,5,"
            비빔냉면/1,물냉면or물막국수중 택1＋숯불고기180g＋육수/1(메뉴선택(물냉면))
          ",오늘도 맛나게 잘먹었습니다.
천수냉면-신당점,2020년 6월 23일,5,5,5,"
            비빔냉면/1(추가메뉴(대왕육수)),물냉면or물막국수중 택1＋숯불고기180g＋육수/1(메뉴선택(물냉면))
          ",맛이좋읍니다~!~!~
천수냉면-신당점,2020년 6월 23일,5,5,5,"
            물냉면/1,고기왕만두/1
          ",맛있게 잘 먹었습니다.
천수냉면-신당점,2020년 6월 22일,5,5,5,"
            불비냉/1(추가메뉴(곱빼기,대왕육수)),차돌된장찌개/1
          ",맛잇어요~~ㅎㅎㅎㅎㅎ
천수냉면-신당점,2020년 6월 22일,5,5,5,"
            물냉면/1(추가메뉴(곱빼기)),비빔냉면/1,반반왕만두（김치3개＋고기3개）/1
          ",양도 좋고 맛도 좋었어요
천수냉면-신당점,2020년 6월 22일,5,5,4,"
            물냉면/1(추가메뉴(곱빼기,대왕육수)),비빔막국수/1(추가메뉴(곱빼기)),갈비만두/1
          ",굿국구률ㅊㅇ츙ㅇㅍㅍ굿
천수냉면-신당점,2020년 6월 22일,1,3,1,"
            물냉면/1,비빔냉면/2,물막국수/1,비빔막국수/1(추가메뉴(곱빼기)),비빔막국수/1
          ","평점 보고 시켰다가 실망이 너무 크네요..
썰다만 크기에 양배추가 있고..
비빔막국수랑 냉면이랑 면 두깨만 차이나고 똑같아요.
비빔냉면은 엄청달고맵고...비빔막국수는 엄청짜고맵고...주문해서 음식 받기까지 1시간20분 걸리고..밑에 좋은댓글안좋은댓글 전부 복붙이네요.
성의도 없고..
아. 음식 담은 용기는 좋아보이네요."
천수냉면-신당점,2020년 6월 21일,4,5,4,"
            비빔냉면/1(추가메뉴(곱빼기,대왕육수)),고기왕만두/1
          ","매워요ㅎㅎ
맛있습니다.
번창하세요."
천수냉면-신당점,2020년 6월 21일,4,4,4,"
            물냉면/1(추가메뉴(대왕육수)),비빔냉면/1(추가메뉴(대왕육수)),물냉면or물막국수중 택1＋숯불고기180g＋육수/1(메뉴선택(물막국수))
          ",잘 먹었습니다.........
천수냉면-신당점,2020년 6월 20일,4,3,4,"
            물냉면/1,갈비만두/1,콜라500mL/1
          ",hoho goodgood
천수냉면-신당점,2020년 6월 19일,5,5,5,"
            물냉면or물막국수중 택1＋숯불고기180g＋육수/1(메뉴선택(물냉면)),반반왕만두（김치3개＋고기3개）/1
          ","넉넉한 그릇에 시원하게 말아서 담아주셨는데 살얼음 육수를 또 따로 넣어주셨더라구요.
덕분에 살캉하니 마지막까지 시원하게 먹었어요.
고기도 담백하고 맛나고요, 기름기 적은 부위로 주셔서 단단한 식감이 쫄깃한 면발이랑 잘 어울려서 돌돌 말아먹는 재미가 있었어요.
정말 맛있게 잘 먹었습니다!"
천수냉면-신당점,2020년 6월 19일,5,5,5,"
            물냉면/1(추가메뉴(대왕육수)),얼큰해장물냉면/1(추가메뉴(대왕육수))
          ",술 먹고 자주 시켜먹는 곳이에요
천수냉면-신당점,2020년 6월 18일,5,5,5,"
            물냉면or물막국수중 택1＋숯불고기180g＋육수/1(메뉴선택(물냉면)),고기왕만두/1
          ",냉면을 주문배달은 첨인데 정말 면도 하나도 안불고 정말 맛나게 먹었습니다!! 같이온 만두와 불고기도 맛났어여~다시 곧 주문할 예정입니당~
천수냉면-신당점,2020년 6월 17일,5,5,5,"
            물막국수/1,얼큰해장물냉면/1
          ","호호호호호랑나비 
시원해요"
천수냉면-신당점,2020년 6월 17일,3,5,5,"
            물냉면or물막국수중 택1＋숯불고기180g＋육수/1(메뉴선택(물냉면)),고기왕만두/1
          ","냉면과 만두는 정말 맛있어요
고기는 말라서 질기고 별로였습니다"
천수냉면-신당점,2020년 6월 17일,5,5,5,"
            물냉면/1(추가메뉴(곱빼기)),비빔냉면/1
          ",맛있게 잘 먹었습니다 다음에 또 주문할께요
천수냉면-신당점,2020년 6월 16일,5,5,5,"
            물냉면/1,비빔냉면/1,고기왕만두/1
          ",아주 맛있게 깨끗히 잘먹었습니다.
천수냉면-신당점,2020년 6월 15일,5,5,2,"
            물냉면/2
          ",리뷰가 좋아서 시켰는데 물냉면에 다대기 조금 넣어서 먹었더니 맛있었어요.   그런데 배달시간이 오래 걸리는 것 알고 주문했지만 예상시간보다 오버되어서 속상했어요.
천수냉면-신당점,2020년 6월 15일,5,5,5,"
            비빔냉면/1(추가메뉴(대왕육수)),비빔냉면or비빔막국수중 택1＋숯불고기180g＋육수/1(메뉴선택(비빔냉면))
          ","양.맛  조아서 단골이 되었습니다.
사장님 리뷰이벤트 하세요~
더 자주시켜 먹을 것 같습니다."
천수냉면-신당점,2020년 6월 15일,4,5,4,"
            물냉면/2,비빔냉면/1,고기왕만두/1
          ",비냉 너무 매워요 ㅠㅠ
천수냉면-신당점,2020년 6월 14일,5,5,4,"
            물냉면/2,비빔냉면/1,고기왕만두/1,김치왕만두/1
          ","Raider broke the package and made a big mess. Exellent sevice by the restaurant, they delivered new dish directly within 15 min"
천수냉면-신당점,2020년 6월 14일,4,5,5,"
            물냉면/1(추가메뉴(대왕육수)),물막국수/1(추가메뉴(곱빼기)),비빔막국수/1
          ",골고루 시켜서 평가하기가 좀 애매~합니다.. ^^ 비빔막국수는 엄청 맵네요
천수냉면-신당점,2020년 6월 14일,5,5,5,"
            물냉면or물막국수중 택1＋숯불고기180g＋육수/1(메뉴선택(물막국수)),물냉면or물막국수중 택1＋숯불고기180g＋육수/1(메뉴선택(물냉면))
          ",오늘도 맛나게 잘먹었습니다.
천수냉면-신당점,2020년 6월 14일,5,5,5,"
            물냉면/1(추가메뉴(대왕육수)),비빔냉면/1(추가메뉴(대왕육수)),비빔막국수/1(추가메뉴(대왕육수)),고기왕만두/1
          ",완전 맛집 꼭 드세요
천수냉면-신당점,2020년 6월 14일,5,5,5,"
            물냉면/1(추가메뉴(대왕육수)),비빔냉면or비빔막국수중 택1＋숯불고기180g＋육수/1(메뉴선택(비빔냉면)),갈비만두/1
          ",비냉이 아주 맛있게맵네요! 추천함다
천수냉면-신당점,2020년 6월 14일,4,5,5,"
            물냉면/1,고기왕만두/1
          ",맛있어요~ 면발 안불었네요~
천수냉면-신당점,2020년 6월 13일,4,5,3,"
            물냉면/1(추가메뉴(곱빼기)),물냉면/1(추가메뉴(대왕육수)),비빔냉면/2(추가메뉴(대왕육수))
          ","지난번에 맛있게 먹어서 다시 시켰는데..비빔냉면은 너무 매워졌고..물냉은 곱배기를 시켰더니 깨탕이 왔어요. 저 깨로 참기름 한병은 짤 수 있을것 같아요.
>,.< 다음번엔 재주문 고민이 될 것 같습니다."
천수냉면-신당점,2020년 6월 13일,4,5,4,"
            물냉면/1,비빔냉면/1,고기왕만두/1
          ",맛있게 잘먹엇어요~~ 다만 냉면 하나에 노른자가 빠져왔어요 ㅠㅠ
천수냉면-신당점,2020년 6월 11일,5,5,4,"
            물냉면/1,목살김치찌개/1
          ","맛 좋아요~
양 많아요~
근데 일회용 수저는 빼달라 요청했어요~ㅋㅋ"
천수냉면-신당점,2020년 6월 11일,5,5,5,"
            물냉면/2
          ",먹은지며칠되서사진은없는뎅  물냉**맛있어여!!!!
천수냉면-신당점,2020년 6월 10일,5,5,5,"
            물냉면/1,비빔냉면/1
          ",맛있게 잘먹었습니다
천수냉면-신당점,2020년 6월 10일,5,5,5,"
            물냉면/1,김치왕만두/1
          ","잘먹었습니다
냉면한그릇이 반두다섯개 혼자 다 못먹어서 자존심상하네요 만두 두개남음 ㅠㅠ"
천수냉면-신당점,2020년 6월 9일,5,5,5,"
            비빔냉면or비빔막국수중 택1＋숯불고기180g＋육수/2(메뉴선택(비빔냉면))
          ",너무맛있어요짜찐맨굿이요
천수냉면-신당점,2020년 6월 9일,5,5,5,"
            물냉면/1,고기왕만두/1
          ",맛있어요~ 만두가 커서 좋음
천수냉면-신당점,2020년 6월 8일,1,5,5,"
            얼큰해장물냉면/1(추가메뉴(곱빼기,대왕육수)),고기왕만두/1
          ","사람먹으라고 만드신거 맞지요?
너무맵습니다
리뷰안보고 시킨 제 불찰이네요
해장용은 맞아요 한입먹고 두번 토했으니까요"
천수냉면-신당점,2020년 6월 8일,4,4,4,"
            물냉면/1,비빔냉면/1
          ","물냉면은 새콤 시원하니 맛있었는데
비냉은 너~~무 맵네요ㅠ"
천수냉면-신당점,2020년 6월 6일,5,5,5,"
            물냉면/1,비빔냉면/1
          ",맛있게 잘 먹고 있습니다^^
천수냉면-신당점,2020년 6월 6일,5,5,3,"
            얼큰해장물냉면/1(추가메뉴(대왕육수)),반반왕만두（김치3개＋고기3개）/1,사이다500mL/1
          ",매운걸 못 먹는편이 아닌데 너무 매웠어요..ㅠㅠㅠㅠ 그래도 맛은 있어용
천수냉면-신당점,2020년 6월 5일,3,3,3,"
            비빔냉면or비빔막국수중 택1＋숯불고기180g＋육수/1(메뉴선택(비빔막국수)),김치왕만두/1
          ","몇 번 시켜먹엇는데
개인적으로 무 좋아하는데 
오늘따라 양이 너무 적네요..
채썬 무 두 개"
천수냉면-신당점,2020년 6월 5일,5,5,5,"
            물막국수/1(추가메뉴(곱빼기,대왕육수)),비빔냉면or비빔막국수중 택1＋숯불고기180g＋육수/1(메뉴선택(비빔냉면)),반반왕만두（김치3개＋고기3개）/1
          ","물 막국수보다 비빔냉면이 맛있었습니다.

시원하고 깔끔하게 잘 먹었습니다~^^"
천수냉면-신당점,2020년 6월 5일,5,5,5,"
            비빔냉면or비빔막국수중 택1＋숯불고기180g＋육수/1(메뉴선택(비빔냉면)),물냉면or물막국수중 택1＋숯불고기180g＋육수/1(메뉴선택(물냉면))
          ",빠른배달 감사합니다. 맛있게 잘 먹었어요
천수냉면-신당점,2020년 6월 5일,5,5,5,"
            비빔냉면or비빔막국수중 택1＋숯불고기180g＋육수/1(메뉴선택(비빔냉면)),반반왕만두（김치3개＋고기3개）/1
          ",점심시간인데도 배달 빨리 왔고 양 딱 적당해서 둘이 먹기 좋아요~ 자극적이지 않게 맛있어요! 깔끔합니다
천수냉면-신당점,2020년 6월 3일,4,5,5,"
            물냉면or물막국수중 택1＋숯불고기180g＋육수/2(메뉴선택(물냉면))
          ",집에서 편하게 먹기 좋고 맛도 좋았습니다
천수냉면-신당점,2020년 6월 3일,5,5,5,"
            비빔냉면/1(추가메뉴(대왕육수)),목살김치찌개/1,비빔냉면or비빔막국수중 택1＋숯불고기180g＋육수/2(메뉴선택(비빔냉면)),물냉면or물막국수중 택1＋숯불고기180g＋육수/1(메뉴선택(물냉면))
          ",맛있습니다 또 시켜먹읅ㅔ여
천수냉면-신당점,2020년 6월 2일,4,5,3,"
            물냉면/1,비빔냉면/1,참치김치찌개/1,물냉면or물막국수중 택1＋숯불고기180g＋육수/1(메뉴선택(물냉면))
          ","진짜 양 많아요 ! 맛있어요
찌개가 밍밍하긴한데 간은맞아요 신기 ㅋㅋㅋㅋ찌개도 맛있었어요 잘먹었습미다 배달은 좀 오래걸렸네요"
천수냉면-신당점,2020년 6월 1일,5,5,5,"
            물냉면/3(추가메뉴(대왕육수))
          ","좋아요 
배달도 빠르네요
단지 배달비 별도로 받는게
아직은 어색하네요"
천수냉면-신당점,2020년 6월 1일,5,5,5,"
            비빔냉면/1(추가메뉴(곱빼기,대왕육수)),비빔냉면or비빔막국수중 택1＋숯불고기180g＋육수/1(메뉴선택(비빔냉면))
          ",더운 날씨에는 냉면이 딱이네요~^^
천수냉면-신당점,2020년 5월 31일,5,5,5,"
            물냉면/3(추가메뉴(대왕육수))
          ",맛있는 집이라 자주 주문해 먹고 있는데 거리가 멀어서 바쁜 시간대에 주문하면 미안하기도 하네요
천수냉면-신당점,2020년 5월 31일,5,5,5,"
            물냉면/1,비빔냉면/1
          ",배달 빠르고  음식 맛있어요
천수냉면-신당점,2020년 5월 30일,4,4,1,"
            물냉면/1(추가메뉴(곱빼기)),물냉면/1,비빔냉면/1(추가메뉴(대왕육수)),고기왕만두/1
          ","손님이 오셔서 주문했다가 너무 오래 걸리는 것같아 주문취소 요청했더니 주문 취소 불가(13시16분)
배달 온 시간은 14시 15분
주문 취소 불가는 주문된 음식 조리 시작해서 불가인거 아닌가요?
아님 만들어놓고 한시간 후 배달완료 된건가요?
주문 몰리고 바쁘신거 다 이해하지만 이런 경우는 어떻게 이해를 해야할까요?
한시간 동안이나 잡아둔 이유는 사장님 욕심 아닌가 싶네요
손님 계셔서 다시 전화도 못하고 기다리는 내내 민망했습니다 덕분에"
천수냉면-신당점,2020년 5월 30일,5,5,5,"
            비빔냉면or비빔막국수중 택1＋숯불고기180g＋육수/2(메뉴선택(비빔냉면))
          ","..레알..단골...
냉면 좋아하는 저희 엄마도, 냉면을 그다지 좋아하지 않는 저랑 제 동생과 저희 아빠도 좋아하는 냉면 집 입니다.."
천수냉면-신당점,2020년 5월 30일,5,5,5,"
            물냉면/1,물냉면or물막국수중 택1＋숯불고기180g＋육수/1(메뉴선택(물냉면))
          ","냉면 너무 맛있어요 
물냉에도 다진양념 보내주셔서 너무 좋아요"
천수냉면-신당점,2020년 5월 27일,4,4,4,"
            고기왕만두/2,갈비만두/1
          ",배달도 빠르고 따듯해서 좋았습니다
천수냉면-신당점,2020년 5월 27일,5,5,5,"
            불비냉/1,물냉면or물막국수중 택1＋숯불고기180g＋육수/1(메뉴선택(물냉면)),고기왕만두/1,김치왕만두/1
          ",맛있게 잘 먹었어요!
천수냉면-신당점,2020년 5월 26일,2,3,4,"
            물냉면/1,비빔냉면/1
          ",냉면맛은 보통이에요. 근데 비냉 넘 맵네요. 얼음육수는 다시다 맛이 나요.
천수냉면-신당점,2020년 5월 26일,5,5,5,"
            얼큰해장물냉면/1(추가메뉴(대왕육수)),비빔냉면or비빔막국수중 택1＋숯불고기180g＋육수/1(메뉴선택(비빔냉면))
          ","맛있어서 이틀연속 먹었습니다.
비냉-물냉-얼큰해장 이네요~
다음에는 만두 먹어보겠습니다."
천수냉면-신당점,2020년 5월 26일,5,5,5,"
            얼큰해장물냉면/1(추가메뉴(대왕육수)),반반왕만두（김치3개＋고기3개）/1,후라이/1
          ",양도 푸짐하고 냉면 넘 맛있어요! 김치 만두 두개ㅜ터진건 아쉽지만 맛있으니 감안합니다.
천수냉면-신당점,2020년 5월 25일,5,5,5,"
            물냉면/1(추가메뉴(곱빼기,대왕육수)),비빔냉면/1(추가메뉴(대왕육수))
          ","큰기대없이 주문했다가 단골될것같습니다.
푸짐한 양과  기본에 충실한 맛.
다음에 또 시키겠습니디ㅡ."
천수냉면-신당점,2020년 5월 25일,5,5,4,"
            물냉면/2,물막국수/1,비빔막국수/1,반반왕만두（김치3개＋고기3개）/1
          ",1인1육수 따로 챙겨주시고 진짜 맛있어요
천수냉면-신당점,2020년 5월 25일,5,5,5,"
            물냉면/2(추가메뉴(대왕육수)),비빔냉면or비빔막국수중 택1＋숯불고기180g＋육수/2(메뉴선택(비빔냉면))
          ","정말 실패없이 맛있는 냉면이에요. 집에 손님 오시면 꼭 주문해 먹고있어요.
신당에서 마징동까지 배달해주셔서 정말 좋아요"
천수냉면-신당점,2020년 5월 24일,5,5,5,"
            물냉면/2(추가메뉴(대왕육수)),반반왕만두（김치3개＋고기3개）/1
          ",맛있게. 잘 먹었습니다
천수냉면-신당점,2020년 5월 22일,5,5,5,"
            비빔냉면/1(추가메뉴(대왕육수)),김치왕만두/1
          ",맛있게 잘먹었습니다~
천수냉면-신당점,2020년 5월 21일,5,5,5,"
            비빔냉면/1(추가메뉴(곱빼기,대왕육수)),고기왕만두/1
          ",날이 더워서 또 시켜먹었네요 잘 먹었습니다
천수냉면-신당점,2020년 5월 20일,5,5,5,"
            물냉면/1,비빔냉면/1
          ",냉면 찐맛집이네요! 배달도 빠릅니다!
천수냉면-신당점,2020년 5월 17일,5,5,5,"
            얼큰해장물냉면/1(추가메뉴(곱빼기,대왕육수)),비빔냉면or비빔막국수중 택1＋숯불고기180g＋육수/1(메뉴선택(비빔냉면)),물냉면or물막국수중 택1＋숯불고기180g＋육수/1(메뉴선택(물냉면)),고기왕만두/1
          ","비빔,물,얼큰이 세가지 다 시켜먹었는데요 냉면류는 첨 시켜먹어보는데 넘넘 맛있어요!♡
육수를 추가로 주셔서 넘 잘 먹었구요^^
곱배기는 천원차이인데 양이 엄청나네요ㅎㅎㅎㅎ배달도 예상시간보다 20분정도 빨리왔고, 고기랑 만두도 맛있고 면도 안뿔어서 맛있게 잘 먹었습니다. 다만 얼큰이는 ... 고추맛이 너무 많이나서ㅠㅠ고추냉면먹는줄 알았어요. 얼큰하긴 한데 내일 속이 아플것같은 맛이였습니다. 추가육수를 아무리 부어도 고추맛이 강렬해서... 나중에는 물이랑 비빔을 먹어야겠어요~늦은시각 수고하세요^^"
천수냉면-신당점,2020년 5월 17일,5,5,5,"
            물냉면/1(추가메뉴(곱빼기,대왕육수)),목살김치찌개/1
          ",냉면은 항상 여기서만 시켜먹네요!! 잘 먹었습니다
천수냉면-신당점,2020년 5월 14일,5,5,5,"
            얼큰해장물냉면/1,고기왕만두/1
          ","이름그대로 너무 얼큰하고 맛잇엇어요~
만두도 속이 꽉차잇어 너무 맛잇엇구요..
포장도 신경써서 꼼꼼하게 잘해주시고..
육수 조금만 아주 조금만 덜 짜게 해주셧으면..
오늘 처음 주문햇는데 재주문하고싶은 가게입니다~^^"
천수냉면-신당점,2020년 5월 13일,3,4,5,"
            얼큰해장물냉면/2,반반왕만두（김치3개＋고기3개）/1
          ",이번에도 지난번처럼 만두 추가했어요~^^그런데..지난번처럼 육수가 좀 짜더라구여..맛은있는데..짜서..다음은 고민해볼듯해요..
천수냉면-신당점,2020년 5월 12일,5,5,5,"
            차돌된장찌개/1,물냉면or물막국수중 택1＋숯불고기180g＋육수/1(메뉴선택(물냉면))
          ",냉면 용기가 엄청 좋네요. 전자레인지 사용도 가능한 용기에 담겨와서... 다 먹고 씻어 놓았네요. 막상 먹기전에는 사진 못찍고... 맛있었습니다~ 추천~
천수냉면-신당점,2020년 5월 12일,5,5,5,"
            물냉면/1(추가메뉴(곱빼기,대왕육수)),반반왕만두（김치3개＋고기3개）/1,콜라1.25L/1
          ",ㅠㅠㅠㅠ 맛있었어요 도착하자마자 급하게 먹느라 사진은 없지만.. 그래두 맛있었습니다!
천수냉면-신당점,2020년 5월 12일,5,5,5,"
            물냉면/1,비빔냉면/1(추가메뉴(곱빼기))
          ","냉면 맛있어요 비빔은 진짜 맵고 최고에요 
물냉은 시원하고 최최고~"
천수냉면-신당점,2020년 5월 12일,5,5,5,"
            물냉면/1(추가메뉴(곱빼기,대왕육수)),비빔냉면or비빔막국수중 택1＋숯불고기180g＋육수/1(메뉴선택(비빔냉면))
          ","배달 60분걸린다고 했는데 30분정도에 와서 깜짝놀랬네요 ㅎ 배달해주신분도 너무 좋으시고 ㅎ 
역시 맛은 의심의 여지가 없움 ㅎ 최고 ㅎㅎ 
물냉 비냉 둘다 쵝오 육수도 얼마나 많이 보내주셨는지.. ㅋ
고맙습니다"
천수냉면-신당점,2020년 5월 12일,4,5,5,"
            물냉면/1(추가메뉴(대왕육수)),얼큰해장물냉면/1(추가메뉴(곱빼기,대왕육수))
          ","해장은 역시 천수냉면입니다.
예전보다 추가육수 양이 줄었어도 충분합니다.
시원하게 잘 먹었습니다!"
천수냉면-신당점,2020년 5월 11일,5,5,1,"
            비빔냉면/1(추가메뉴(대왕육수)),반반왕만두（김치3개＋고기3개）/1
          ","맛잇는데 진짜 한시간 걸릴줄이야,,,"
천수냉면-신당점,2020년 5월 8일,5,5,5,"
            물냉면/1(추가메뉴(대왕육수)),얼큰해장물냉면/1
          ","저 너무 자주 시켜서 리뷰 그만 쓸까봐요,,"
천수냉면-신당점,2020년 5월 8일,4,4,4,"
            물막국수/2,비빔막국수/1,고기왕만두/1
          ",맛있게 먹었어요 ^^
천수냉면-신당점,2020년 5월 8일,4,4,4,"
            비빔냉면/2(추가메뉴(곱빼기,대왕육수))
          ",너무 맛있네요 맵기도 적당하고
천수냉면-신당점,2020년 5월 7일,5,5,4,"
            비빔냉면/4,비빔막국수/3,얼큰해장물냉면/1,반반왕만두（김치3개＋고기3개）/3
          ",맛있게 잘 먹었습니다!
천수냉면-신당점,2020년 5월 6일,5,5,5,"
            얼큰해장물냉면/1(추가메뉴(곱빼기,대왕육수)),고기왕만두/1
          ",굿굿굿굿굿굿굿||||
천수냉면-신당점,2020년 5월 5일,5,4,4,"
            물냉면/1(추가메뉴(대왕육수)),고기왕만두/1
          ",처음 주문했는데... 맛있게 잘먹었습니다
천수냉면-신당점,2020년 5월 5일,4,4,4,"
            물냉면or물막국수중 택1＋숯불고기180g＋육수/1(메뉴선택(물냉면)),고기왕만두/1
          ",만두도 맛있고 냉면 고기도 맛있어요!
천수냉면-신당점,2020년 5월 5일,5,5,5,"
            물냉면/2(추가메뉴(대왕육수)),반반왕만두（김치3개＋고기3개）/1
          ",처음 주문했는데 정말 맛있게 잘 먹었습니다.
천수냉면-신당점,2020년 5월 5일,5,5,5,"
            물냉면/3,비빔냉면/4,고기왕만두/2
          ",맛있게 잘 먹었습니다
천수냉면-신당점,2020년 5월 5일,4,4,4,"
            물냉면/1(추가메뉴(곱빼기,대왕육수)),물막국수/1,물막국수/1(추가메뉴(곱빼기,대왕육수))
          ",먹을만 해요~^^ 곱빼기는.진짜 양 많아요~^^
천수냉면-신당점,2020년 5월 5일,5,5,5,"
            물냉면/1(추가메뉴(대왕육수)),고기왕만두/1
          ",냉면 맛있어요...! 육수도 엄청 시원하게 배달되어서 여름에 자주 먹을 것 같아요~ 만두도 속이 많이 들어 있어서 배불러요ㅎㅎ 굳굳👍
천수냉면-신당점,2020년 5월 5일,5,5,5,"
            물냉면/2(추가메뉴(대왕육수)),비빔냉면or비빔막국수중 택1＋숯불고기180g＋육수/1(메뉴선택(비빔냉면)),물냉면or물막국수중 택1＋숯불고기180g＋육수/1(메뉴선택(물냉면))
          ","맛있게 먹느라 사진은 미처 못찍었어요.
숯불고기도 맛있고 무엇보다 냉면 육수 참 맛있네요. 두번째 주문이었는데 올여름 냉면은 여기서 주문해 먹을거에요"
천수냉면-신당점,2020년 5월 4일,3,3,5,"
            물막국수/1(추가메뉴(대왕육수)),비빔냉면or비빔막국수중 택1＋숯불고기180g＋육수/1(메뉴선택(비빔막국수)),김치왕만두/1
          ",막국수 면이 좀 안익었어요~~ 육수 서비스 줘서 좋았는데 면이 별로 없는거 같은 아쉬움 ㅜㅜ 김치 만두 맛있어요~~!!
천수냉면-신당점,2020년 5월 4일,1,1,1,"
            물냉면/1(추가메뉴(곱빼기)),고기왕만두/1
          ","면은 다 불어터지고 그나마 조금있는 국물은 이상하고..
예전에 시켰을때는 맛있었는데
많이 아쉽네요"
천수냉면-신당점,2020년 5월 3일,5,5,5,"
            비빔막국수/1(추가메뉴(대왕육수)),비빔냉면or비빔막국수중 택1＋숯불고기180g＋육수/1(메뉴선택(비빔냉면))
          ",배달냉면중최고입니다. 육수와 양념장 추가로주시는것도좋아요.
천수냉면-신당점,2020년 5월 3일,4,5,5,"
            얼큰해장물냉면/2,반반왕만두（김치3개＋고기3개）/1
          ","맛있어서..정신없이 먹다가 사진찍었네여..양이 그리적지는 않아요..얼큰해장이라 궁금했는데..역시 아주 얼큰해요~^^
근데..좀 짰어요..국물을 다먹구싶었는데..짜서..못먹었어용..만두도 주먹만하구..아주 좋았어용~^^"
천수냉면-신당점,2020년 5월 3일,4,4,3,"
            비빔냉면or비빔막국수중 택1＋숯불고기180g＋육수/2(메뉴선택(비빔냉면)),물냉면or물막국수중 택1＋숯불고기180g＋육수/2(메뉴선택(물냉면))
          ","냉면에 건더기도 많고!! 맛있었습니다!!
그런데 배달이.. 너무 늦게 와 가지구 ㅠㅠㅠㅠㅠㅠㅠㅠㅠㅠㅠㅠㅠ 그래도 더운데 고생 많으십니다!! 화이팅!!"
천수냉면-신당점,2020년 5월 1일,5,5,4,"
            비빔냉면/2(추가메뉴(대왕육수)),반반왕만두（김치3개＋고기3개）/1
          ","매콤한 비냉인줄 알았는데 불닭정도의 많이 매운맛이라 당황했네요. 맛있어서 잘 먹었지만 매운거 잘 못드시는분은 생각해보시고 주문하셔야 할듯해요. 김치만두도 맛있지만 고기만두가 쪼금 더 맛있구요, 육수랑 무랑 함께 많이 주셔서 좋았어요! 다만 식사시간도 아닌데 배달이 1시간이 걸려서 좀 그랬어요 배달만 조금 더 빨리 온다면 정말 퍼펙트한 맛집입니다."
천수냉면-신당점,2020년 4월 28일,5,5,5,"
            비빔냉면or비빔막국수중 택1＋숯불고기180g＋육수/1(메뉴선택(비빔냉면)),물냉면or물막국수중 택1＋숯불고기180g＋육수/1(메뉴선택(물냉면))
          ",맛나게 잘먹었어요~!
천수냉면-신당점,2020년 4월 28일,5,5,5,"
            얼큰해장물냉면/1(추가메뉴(대왕육수)),고기왕만두/1
          ",배달빠르고 엄청 맛있었어요!!!!👍👍👍
천수냉면-신당점,2020년 4월 27일,5,5,5,"
            얼큰해장물냉면/2(추가메뉴(대왕육수))
          ","아주 매콤하니 좋더라고요!
해장 싹 됐습니다"
천수냉면-신당점,2020년 4월 26일,5,5,5,"
            물막국수/1(추가메뉴(대왕육수)),김치왕만두/1
          ",깜빡하고 사진은 못찍었어요...ㅜ 근데 양도 많고 맛있어서 평점 5점이요 ! 육수 이렇게 많이주는 곳은 처음봤어요.. 냉면 좋아하는데 여름에 매일 시켜먹을지도...
천수냉면-신당점,2020년 4월 26일,5,4,4,"
            비빔냉면or비빔막국수중 택1＋숯불고기180g＋육수/1(메뉴선택(비빔냉면)),사이다1.25L/1
          ",맛있고 빠른배달 감사용
천수냉면-신당점,2020년 4월 26일,5,5,5,"
            물냉면/1(추가메뉴(대왕육수)),얼큰해장물냉면/1(추가메뉴(대왕육수))
          ","육수가 지려벌임.
매운냉면은 진짜 매움.
육수 겁나 많이 줌. 
다음에는 곱빽이로 시킬 예정. 
맛있음. 
두 번 드새여. 
세 번 드셔도 댐. 
주변에 이 집 보다 맛있는 집 없음."
천수냉면-신당점,2020년 4월 26일,5,5,5,"
            얼큰해장물냉면/1(추가메뉴(대왕육수)),고기왕만두/1
          ",말해뭐해 냉면은 이집이 최고에요ㅜㅜ
천수냉면-신당점,2020년 4월 25일,5,5,5,"
            물냉면/1(추가메뉴(대왕육수)),고기왕만두/1
          ","늦은 시간에 갑자기 냉면이 먹고 싶어서 시켰는데..맛집이네요..만두도 맛있었어요..
다음엔 비빔도 먹어보고 싶네요.."
천수냉면-신당점,2020년 4월 25일,5,5,5,"
            물냉면or물막국수중 택1＋숯불고기180g＋육수/1(메뉴선택(물막국수)),콜라1.25L/1
          ",맛있었습니다~~!!
천수냉면-신당점,2020년 4월 22일,4,5,4,"
            물냉면/1(추가메뉴(대왕육수)),물냉면or물막국수중 택1＋숯불고기180g＋육수/1(메뉴선택(물냉면))
          ",맛있게 먹느라 다 먹고 찍었네요 ㅋㅋ 육수를 이렇게 많이 주셨어요!!
천수냉면-신당점,2020년 4월 21일,4,5,5,"
            물냉면or물막국수중 택1＋숯불고기180g＋육수/1(메뉴선택(물막국수)),후라이/1,콜라500mL/1
          ",고기가 많이 타서 아쉬웠지만 육수가 정말 맛있어요. 늘 냉면만 시켜서 먹었었는데 막국수도 맛있게 잘 먹었습니다!
천수냉면-신당점,2020년 4월 20일,4,5,5,"
            물냉면or물막국수중 택1＋숯불고기180g＋육수/1(메뉴선택(물냉면)),공기밥/1,후라이/1
          ","저번에 멋모르고 얼큰한맛 냉면먹고(육수까지 원샷) 다음날 시원하게 내장 다비우고 ㅋㅋ
그냥물냉면 시켰습니다. 역시 육수맛이 시원하니 좋더군요. 😅
고기는 숯불에 구운것같지 않았지만, 냉면은 여름에 자주시켜먹을것같아요."
천수냉면-신당점,2020년 4월 20일,4,4,4,"
            물냉면/4,고기왕만두/1
          ","너무 맛있고 , 배달도 빨라서 좋아용"
천수냉면-신당점,2020년 4월 20일,5,4,5,"
            물냉면/1,고기왕만두/1
          ",냉면 너무 맛있어요
천수냉면-신당점,2020년 4월 20일,5,5,5,"
            비빔냉면/1(추가메뉴(곱빼기,대왕육수)),김치왕만두/1
          ",냉면 맛집! 김치만두도 맛있네요
천수냉면-신당점,2020년 4월 19일,5,5,5,"
            비빔냉면/2(추가메뉴(대왕육수))
          ","맛있어요
두번째주문했어요
배달도 빠르고 냉면생각나면 바로 주문!!!!!"
천수냉면-신당점,2020년 4월 19일,5,5,5,"
            비빔냉면/2,고기왕만두/1
          ",여기는 고기만두가 찐입니다... 냉면도 최근들어 먹은 곳 중에 최고에욥 ! !
천수냉면-신당점,2020년 4월 19일,5,5,5,"
            물냉면/1,비빔냉면/1
          ","제가 먹고도 너~무 맛있어서 부모님께 시켜드렸더니 대만족 하셨어요!!
진짜 행복해유ㅠㅠㅠ 주변에 먹어보라고ㅠ먄날 말해요ㅠ"
천수냉면-신당점,2020년 4월 18일,5,5,5,"
            물냉면or물막국수중 택1＋숯불고기180g＋육수/1(메뉴선택(물냉면)),사이다1.25L/1
          ",전체적으로 음식도 좋고 맛있었습니다^^
천수냉면-신당점,2020년 4월 16일,4,5,1,"
            얼큰해장물냉면/1(추가메뉴(대왕육수)),공기밥/2,후라이/2,사이다500mL/1
          ",냉면육수 시원하게 잘 먹었습니다.
천수냉면-신당점,2020년 4월 15일,5,4,5,"
            물냉면/1(추가메뉴(대왕육수)),비빔냉면/1(추가메뉴(곱빼기,대왕육수))
          ",항상 잘 먹고있습니다 ㅎㅎ 육수 하나 더 챙겨주셔서 감사합니다 다음에도 시킬게요 번창하세요~~
천수냉면-신당점,2020년 4월 15일,5,5,5,"
            물냉면/1(추가메뉴(곱빼기,대왕육수)),물냉면or물막국수중 택1＋숯불고기180g＋육수/1(메뉴선택(물냉면))
          ",맛잇습네다 사장동무
천수냉면-신당점,2020년 4월 15일,5,5,5,"
            물냉면/1(추가메뉴(대왕육수)),비빔냉면/1(추가메뉴(곱빼기,대왕육수))
          ",맛있어요^^ 또 시켜먹을게요~~
천수냉면-신당점,2020년 4월 14일,5,5,5,"
            비빔냉면or비빔막국수중 택1＋숯불고기180g＋육수/1(메뉴선택(비빔냉면)),반반왕만두（김치3개＋고기3개）/1
          ",맛있었어요. 육수넣어서 비벼먹으니 맛있네요.
천수냉면-신당점,2020년 4월 12일,5,5,5,"
            불비냉/1(추가메뉴(대왕육수)),김치왕만두/1
          ",맛있구요 김치만두 짱이네요
천수냉면-신당점,2020년 4월 11일,4,4,5,"
            비빔냉면or비빔막국수중 택1＋숯불고기180g＋육수/1(메뉴선택(비빔냉면)),물냉면or물막국수중 택1＋숯불고기180g＋육수/1(메뉴선택(물냉면))
          ",맛있습니다. 비빔은 약간 기성품 맛이 나는 듯
천수냉면-신당점,2020년 4월 11일,5,5,5,"
            비빔냉면/1(추가메뉴(대왕육수)),고기왕만두/1
          ",맛있게 잘먹었습니다.
천수냉면-신당점,2020년 4월 11일,5,5,5,"
            비빔냉면/1(추가메뉴(대왕육수)),얼큰해장물냉면/1(추가메뉴(대왕육수))
          ",비냉 물냉 하나씩 시켰는데 둘 다 양도 많고 육수도 넉넉하게 주셨어요~ 배달도 예상시간보다 빨리 왔네요! 비냉이 좀 매워서 매운 거 잘 못 드시는 분들은 미리 말씀 드려야 할 것 같네요 저는 매운 거 좋아해서 맛있게 잘 먹었습니다 번창하세요👍👍👍
천수냉면-신당점,2020년 4월 8일,5,5,4,"
            물냉면or물막국수중 택1＋숯불고기180g＋육수/2(메뉴선택(물냉면))
          ","이집은 됩니다.  그냥 말이 필요 없습니다.
최근 10년 안에 먹어본 냉면중에 원탑.  육수에 밥말아 드신분 계실듯.   기가 막힙니다."
천수냉면-신당점,2020년 4월 6일,5,5,5,"
            물냉면/1,불비냉/1
          ",냠냠 맛있게 먹엇어요
천수냉면-신당점,2020년 4월 5일,5,5,5,"
            물냉면/2(추가메뉴(대왕육수)),비빔냉면/1(추가메뉴(대왕육수))
          ",맛잏게 잘 먹었습니다.
천수냉면-신당점,2020년 4월 5일,5,5,5,"
            비빔냉면/1(추가메뉴(곱빼기,대왕육수)),물냉면or물막국수중 택1＋숯불고기180g＋육수/1(메뉴선택(물냉면))
          ",오랜만에 시켜먹었는데 역시나 맛있네요~~^^
천수냉면-신당점,2020년 4월 5일,5,5,5,"
            비빔냉면/2(추가메뉴(대왕육수))
          ",맛이좋은 냉면 잘먹었습니다 ㅎㅎ
천수냉면-신당점,2020년 4월 4일,5,5,5,"
            물냉면/1(추가메뉴(대왕육수)),고기왕만두/1
          ",다먹구 만둣나나남았어요.  너무맛있어요
천수냉면-신당점,2020년 3월 27일,4,4,5,"
            비빔냉면/1(추가메뉴(곱빼기)),김치왕만두/1
          ","맛있었어요!
근데 참 맵네욬ㅋㅋ"
천수냉면-신당점,2020년 3월 26일,5,5,5,"
            물냉면/1(추가메뉴(곱빼기,대왕육수)),얼큰해장물냉면/1(추가메뉴(대왕육수))
          ",맛있음.......
천수냉면-신당점,2020년 3월 25일,5,5,5,"
            비빔냉면/1(추가메뉴(대왕육수)),비빔막국수/1(추가메뉴(대왕육수))
          ",맛있게 잘먹었습니다~
천수냉면-신당점,2020년 3월 25일,5,5,5,"
            물냉면/1(추가메뉴(대왕육수)),비빔냉면/1(추가메뉴(대왕육수)),반반왕만두（김치3개＋고기3개）/1
          ",맛있게 잘 먹었습니다.
천수냉면-신당점,2020년 3월 24일,5,5,5,"
            물냉면/1(추가메뉴(대왕육수)),비빔냉면/1(추가메뉴(대왕육수))
          ",맛있게 잘 먹었습니다.
천수냉면-신당점,2020년 3월 24일,5,5,5,"
            비빔냉면/1(추가메뉴(대왕육수)),김치왕만두/1
          ",맛있게 잘먹었습니다~
천수냉면-신당점,2020년 3월 23일,3,4,4,"
            비빔막국수/2,사이다1.25L/1
          ",막국수를 처음 시켜봤는데 너무 맵기만 했어요
천수냉면-신당점,2020년 3월 22일,5,5,5,"
            물막국수/1(추가메뉴(대왕육수)),비빔막국수/1(추가메뉴(대왕육수))
          ",맛있어요 다음에 또 시켜먹을게요
천수냉면-신당점,2020년 3월 22일,4,5,4,"
            물냉면/1(추가메뉴(대왕육수)),김치왕만두/1
          ",gooooooood
천수냉면-신당점,2020년 3월 21일,5,5,5,"
            물냉면/2,비빔막국수/1,고기왕만두/1
          ",급해서 사진은 먹다 찍었습니다ㅎ 집에서 시원한 냉면에 만두 좋네요~ 포장도 배달도 만족합니다!!
천수냉면-신당점,2020년 3월 20일,5,5,5,"
            물냉면or물막국수중 택1＋숯불고기180g＋육수/2(메뉴선택(물냉면))
          ",냉면도 맛있고 고기 양도 많았어요. 같이 온 육수는 그냥 그랬어요.
천수냉면-신당점,2020년 3월 20일,4,4,4,"
            비빔냉면/1(추가메뉴(대왕육수)),얼큰해장물냉면/1(추가메뉴(대왕육수)),고기왕만두/1
          ","맛있는데 매워용
비냉이 양이 훨씬 많고
물냉은 양이 좀 적은 느낌이였어요
그리고 온육수인줄알았는데 냉육수 였어요!
참고해주세용
그리고 갈비만두도 잇어용 요청사항에 기재해주시면 사장님께서주세여"
천수냉면-신당점,2020년 3월 20일,5,5,5,"
            비빔냉면/1(추가메뉴(곱빼기,대왕육수)),후라이/1,사이다1.25L/1
          ",맛나요우오우오우오우오우
천수냉면-신당점,2020년 3월 17일,5,5,5,"
            비빔냉면/1(추가메뉴(곱빼기,대왕육수)),고기왕만두/1
          ",항상 맛있어요!!!!!!!
천수냉면-신당점,2020년 3월 17일,5,5,5,"
            물냉면/1,비빔냉면/1(추가메뉴(곱빼기,대왕육수))
          ","비빔냉면으로 두개를 시켯는데 하나가 물냉면으로 왔더라구요
그냥 또 기다리기 뭐해서 먹기 시작 했는데
맛있네요...
신랑이랑 개눈감추듯이 막었습니다

자주 이용할께요 찜도 해놧답니다  ㅎㅎ
코로나 조심하시고  건강하세요^^"
천수냉면-신당점,2020년 3월 17일,5,5,4,"
            비빔냉면/1(추가메뉴(곱빼기,대왕육수)),얼큰해장물냉면/1(추가메뉴(대왕육수)),반반왕만두（김치3개＋고기3개）/1
          ",믿고 먹는 천수냉면 진짜 맛있습니다ㅠㅠ 비빔냉면도 꽤 매콤하더라고요 제일 얼큰한건 역시 해장물냉면이 최고 ㅎㅎ 육수도 넉넉히 챙겨주시고 감사합니다 왕만두도 진짜 맛있어요~~~ 비록 배달은 80분 꼬박 걸렸지만 그래도 맛은 최고였어요!! 냉면은 여기서만 먹는답니당 단골쾅쾅
천수냉면-신당점,2020년 3월 15일,5,5,5,"
            물냉면/1,비빔냉면/1(추가메뉴(대왕육수)),반반왕만두（김치3개＋고기3개）/1
          ",냉면도 맛있고 만두도 너무너무너무 맛있어요
천수냉면-신당점,2020년 3월 15일,5,5,5,"
            비빔냉면/1(추가메뉴(곱빼기,대왕육수)),차돌된장찌개/1
          ",또 시켜먹고 싶어요 넘 맛있어요
천수냉면-신당점,2020년 3월 14일,4,4,4,"
            비빔냉면/1(추가메뉴(대왕육수)),김치왕만두/1
          ","좀 많이 맵고 짰지만 육수 두 통 다 넣으니까 괜찮았어요
그냥 비빔으로는 못먹을 것 같아요ㅜㅜ"
천수냉면-신당점,2020년 3월 12일,5,5,5,"
            물냉면/1(추가메뉴(대왕육수)),불비냉/1(추가메뉴(대왕육수)),고기왕만두/1
          ",생각보다 괜찮네요. 냉면은 처음 주문해보는건데 만족
천수냉면-신당점,2020년 3월 11일,5,5,5,"
            비빔냉면/1(추가메뉴(대왕육수)),고기왕만두/1
          ","한달에 몇번씩 시켜먹어요
제일 좋아하는 냉면집 ㅎ 너무 맛있어요"
천수냉면-신당점,2020년 3월 11일,5,5,5,"
            비빔냉면/1(추가메뉴(곱빼기,대왕육수)),고기왕만두/1
          ",good!!!!!!!!!!!!!!!
천수냉면-신당점,2020년 3월 9일,5,5,5,"
            물냉면/2(추가메뉴(대왕육수)),고기왕만두/1
          ",맛있게 잘 먹었습니다.
천수냉면-신당점,2020년 3월 9일,5,5,5,"
            물냉면/1(추가메뉴(대왕육수)),얼큰해장물냉면/1(추가메뉴(대왕육수))
          ",맛있게 잘 먹었습니다.
천수냉면-신당점,2020년 3월 9일,5,5,5,"
            얼큰해장물냉면/1,목살김치찌개/1
          ",배달 빠르고 맛있었습니다!
천수냉면-신당점,2020년 3월 9일,5,5,5,"
            비빔냉면/1,비빔냉면or비빔막국수중 택1＋숯불고기180g＋육수/1(메뉴선택(비빔냉면))
          ","맛있어요~
잘먹었습니다."
천수냉면-신당점,2020년 3월 8일,5,5,4,"
            물냉면/1(추가메뉴(곱빼기,대왕육수)),비빔냉면/1(추가메뉴(대왕육수))
          ",배달시간이 오래걸리지만 양도 많고 맛있게 먹었습니다👍
천수냉면-신당점,2020년 3월 6일,5,5,5,"
            물냉면/1(추가메뉴(곱빼기)),반반왕만두（김치3개＋고기3개）/1
          ",배달은 예상시간 맞춰왔어용 육수는 냉면 육수랑 별도로 온 육수랑 맛이 약간 다른 느낌? 같이 온 육수가 더 맛있었어요. 만두도 시켰는데 만두가 크고 괜찮더라구용 :)
천수냉면-신당점,2020년 3월 5일,5,5,5,"
            물냉면/1,물냉면or물막국수중 택1＋숯불고기180g＋육수/1(메뉴선택(물냉면))
          ",양과 많고 국무로 시원하고 맛은 아주 좋았습니다
천수냉면-신당점,2020년 3월 4일,5,5,5,"
            물냉면/1(추가메뉴(대왕육수)),물냉면/1(추가메뉴(곱빼기,대왕육수))
          ",양도 많고 맛도 너무 좋았어요~
천수냉면-신당점,2020년 3월 4일,2,4,3,"
            비빔냉면or비빔막국수중 택1＋숯불고기180g＋육수/2(메뉴선택(비빔냉면)),물냉면or물막국수중 택1＋숯불고기180g＋육수/1(메뉴선택(물냉면))
          ","냉면은 평범하고요
숯불고기가 숮에 구운걸 말하는거지요?
그냥고기익혀주시고 
바쁘신가 한쪽은타고 한쪽은안익고 요리하시면서 뒤집지도않으시나"
천수냉면-신당점,2020년 3월 1일,5,5,5,"
            물냉면/1(추가메뉴(대왕육수)),반반왕만두（김치3개＋고기3개）/1
          ","다데기 따로 많이 달라 요청했는데 안들어주시네요.
일단
별점은 드렸습니다만 요청사항잘 들어주세요.."
천수냉면-신당점,2020년 3월 1일,5,4,4,"
            비빔냉면/1,비빔냉면or비빔막국수중 택1＋숯불고기180g＋육수/2(메뉴선택(비빔냉면)),물냉면or물막국수중 택1＋숯불고기180g＋육수/1(메뉴선택(물냉면))
          ",이미 단골이지만 더더 단골일 각★
천수냉면-신당점,2020년 3월 1일,5,5,5,"
            비빔냉면/1(추가메뉴(곱빼기,대왕육수)),고기왕만두/1,사이다1.25L/1
          ",육수 넉넉히 선택했더니 무료임에도 물냉면 뺨치게 주셔서 넘 좋았어요 육수도 음식도 다 맛있고 다대기도 넉넉하게 따로 담아주시고 모든게 다 넉넉히 온것같아요 만두도 맛있었습니다 양뿐 아니라 퀄리티도 좋은것같아요 근데 만두 조금 많이 쪄서 잡기 힘들었어요 배달이라 어쩔수없다고 생각합니다 완벽해요!
천수냉면-신당점,2020년 3월 1일,2,4,3,"
            비빔냉면/1(추가메뉴(곱빼기)),후라이/1,콜라1.25L/1
          ",노른자는 다 터져서 오고 매운 비빔냉면이 따로 있길래 기본 비빔냉면은 안매울줄 알았는데 엄청 맵네요 매운걸 엄청 못먹는 사람인데 힘들게 먹었습니다 따로 챙겨주신 육수에서도 이상한 냄새가 났어요
천수냉면-신당점,2020년 2월 29일,3,3,3,"
            비빔냉면or비빔막국수중 택1＋숯불고기180g＋육수/1(메뉴선택(비빔막국수)),비빔냉면or비빔막국수중 택1＋숯불고기180g＋육수/1(메뉴선택(비빔냉면))
          ","리뷰보고 주문한건데 배달이 늦게와서 냉면과 막국수가  불어서 중간정도 였구요 고기는 식어서 기름이 둥둥 있는 상태였어요
음식이 따뜻했다면  맛이 다를수도 있었겠지만 식어서...그냥 그랬어요"
천수냉면-신당점,2020년 2월 27일,5,5,5,"
            물냉면/1(추가메뉴(곱빼기,대왕육수)),고기왕만두/1
          ",동네이.이런 맛있는 냉면집이 있는지 몰랐어유 쵝오
천수냉면-신당점,2020년 2월 26일,5,5,5,"
            물냉면or물막국수중 택1＋숯불고기180g＋육수/1(메뉴선택(물냉면)),고기왕만두/1
          ",육수가 왜 오는건지는 모르겠지만..시원하고 맛있게 먹었네요
천수냉면-신당점,2020년 2월 26일,5,5,5,"
            물냉면/1(추가메뉴(곱빼기,대왕육수)),고기왕만두/1
          ",냉면은 역시 여기죠! 맛있어요
천수냉면-신당점,2020년 2월 26일,4,5,5,"
            물냉면/1,비빔냉면/1,반반왕만두（김치3개＋고기3개）/1,콜라1.25L/1
          ",김치만두가 맛있네요!!
천수냉면-신당점,2020년 2월 26일,4,5,5,"
            비빔냉면or비빔막국수중 택1＋숯불고기180g＋육수/1(메뉴선택(비빔막국수)),물냉면or물막국수중 택1＋숯불고기180g＋육수/1(메뉴선택(물냉면))
          ",막국수가 너무 매웠어요ㅠ
천수냉면-신당점,2020년 2월 26일,3,5,5,"
            비빔막국수/1(추가메뉴(곱빼기)),반반왕만두（김치3개＋고기3개）/1
          ","비빔막국수를 시켰지 매운막국수를 시킨게 아님 그정도로 매움
메뉴이름 변경할필요있음  매운거 싫어함
그냥 먹었는데 배탈남 아마도 매워서그런듯
매운거빼곤 다 괜찮음"
천수냉면-신당점,2020년 2월 23일,5,5,5,"
            물냉면/1,불비냉/1
          ",맛있게 먹어요ㅋㅋ 오늘도 좋았어요
천수냉면-신당점,2020년 2월 23일,5,5,5,"
            비빔막국수/1(추가메뉴(대왕육수)),불비냉/1(추가메뉴(대왕육수))
          ",맛있게 잘 먹었습니다.
천수냉면-신당점,2020년 2월 23일,5,5,5,"
            비빔냉면or비빔막국수중 택1＋숯불고기180g＋육수/1(메뉴선택(비빔냉면)),공기밥/1,후라이/1
          ",요청사항확인도 잘해주시고 정말맛있습니다
천수냉면-신당점,2020년 2월 23일,5,5,5,"
            물냉면/1(추가메뉴(대왕육수)),비빔냉면/1(추가메뉴(대왕육수)),반반왕만두（김치3개＋고기3개）/1
          ",너무 맛있어요 배달도 빠르고  또 먹고싶어요
천수냉면-신당점,2020년 2월 22일,5,5,3,"
            물냉면/1(추가메뉴(대왕육수)),반반왕만두（김치3개＋고기3개）/1
          ",맛은 둘다 좋았습니다
천수냉면-신당점,2020년 2월 21일,1,1,1,"
            비빔냉면/1,목살김치찌개/1,공기밥/1
          ",면이 너무 달아서 별로네요
천수냉면-신당점,2020년 2월 19일,5,5,5,"
            물냉면/1(추가메뉴(대왕육수)),비빔냉면/1(추가메뉴(대왕육수))
          ",첨시켜먹는데 맛있네요
천수냉면-신당점,2020년 2월 19일,5,5,5,"
            비빔냉면/1,고기왕만두/1
          ",엄청 친절하시고 맛있어요!! 다음에도 시켜먹겠습니다ㅎㅎ
천수냉면-신당점,2020년 2월 18일,5,5,5,"
            물막국수/1(추가메뉴(곱빼기,대왕육수)),김치왕만두/1
          ",맛있어요 다음에 또 시켜먹을게요
천수냉면-신당점,2020년 2월 16일,5,5,5,"
            물냉면/1(추가메뉴(곱빼기,대왕육수)),고기왕만두/1
          ",놀러 올 때 마다 시켜 먹게 되네요. 아이도 점점 좋아해서 다음에는 양을 더 시켜야겠어요.
천수냉면-신당점,2020년 2월 16일,5,5,5,"
            물냉면/1(추가메뉴(곱빼기,대왕육수)),고기왕만두/1
          ",맛있어요. 놀러 왔다 어제 먹고 오늘 또 시킬려구요.
천수냉면-신당점,2020년 2월 16일,5,4,5,"
            비빔냉면/1(추가메뉴(대왕육수)),비빔냉면or비빔막국수중 택1＋숯불고기180g＋육수/1(메뉴선택(비빔냉면))
          ",리뷰가 좋아서 주문했는데 진짜 넘 맛있어서 짐 또 주문했어요^^
천수냉면-신당점,2020년 2월 14일,5,5,5,"
            얼큰해장물냉면/1(추가메뉴(대왕육수)),반반왕만두（김치3개＋고기3개）/1
          ",맛있읍니다 정말로요
천수냉면-신당점,2020년 2월 13일,5,5,5,"
            비빔냉면/1(추가메뉴(대왕육수)),차돌된장찌개/1
          ","빠른배달에 친절함까지^^
음식포장도 넘 깨끗하고 육수추가 요청도 잘 들어주시공^^ 
음식도 넘넘넘 맛있게 잘 먹었습니다 
조만간 또또또 주문들어갑니다"
천수냉면-신당점,2020년 2월 12일,5,5,5,"
            비빔냉면/1(추가메뉴(대왕육수)),김치왕만두/1
          ",맛있게 잘먹었습니다~~
천수냉면-신당점,2020년 2월 12일,5,5,4,"
            물냉면/1(추가메뉴(대왕육수)),고기왕만두/1
          ",너무 맛있게 잘 먹었어요!
천수냉면-신당점,2020년 2월 11일,5,5,5,"
            물냉면/2(추가메뉴(대왕육수)),비빔냉면/1(추가메뉴(대왕육수)),김치왕만두/1
          ",맛있게 잘 먹었습니다.
천수냉면-신당점,2020년 2월 9일,5,5,5,"
            비빔냉면/1,고기왕만두/1
          ",배달은 40분정도 걸렸고 처음시켰는데 너무 맛있었어요!
천수냉면-신당점,2020년 2월 7일,5,5,5,"
            물냉면/1(추가메뉴(대왕육수)),비빔냉면/1(추가메뉴(대왕육수))
          ",맛있어요 다음에 또 시켜먹을게요
천수냉면-신당점,2020년 2월 4일,5,5,5,"
            얼큰해장물냉면/1(추가메뉴(대왕육수)),반반왕만두（김치3개＋고기3개）/1
          ",진짜 맛있게 잘먹었어요🥰 김치만두랑 고기만두 둘다 너무 맛있고 얼큰해장물냉면도 완전 존맛탱~~~ 매운 냉면 좋아해서 자주 먹는편인데 역시 천수냉면ㅠㅠ 요청사항도 넘 잘들어주셔서 감동감동!!! 배달도 짱빨랐어요 육수랑 양념도 넉넉히 챙겨주시구 감사합니다 또 시켜먹을게요❤ 단골 쾅쾅
천수냉면-신당점,2020년 2월 3일,5,5,5,"
            비빔냉면/1(추가메뉴(곱빼기,대왕육수)),김치왕만두/1
          ",물냉도 땡기고 비냉도 땡겨서 육수를 엄청 준다길래 비냉으로 시켰는데 곱빼기라 그런가 반쯤먹고나서 육수 두통 다 넣으니 비냉에서 물냉이 되네요. 솔직히 만두는 만두피가 너무 불어서 좀 흐물거려서 가격대비 제값을 못한다는 느낌이 좀 있는데 냉면 만큼은 진짜 대만족이네요
천수냉면-신당점,2020년 2월 3일,5,5,5,"
            비빔냉면/1(추가메뉴(대왕육수)),불비냉/1(추가메뉴(대왕육수))
          ",고기에 싸먹으니 예술입니다. 국물도 굿굿이요
천수냉면-신당점,2020년 1월 31일,5,5,5,"
            물냉면/1(추가메뉴(곱빼기,대왕육수)),비빔냉면/2(추가메뉴(대왕육수)),얼큰해장물냉면/1(추가메뉴(곱빼기,대왕육수))
          ",양도 맛도 배달도 넘넘 만족합니다
천수냉면-신당점,2020년 1월 27일,4,5,5,"
            비빔막국수/1(추가메뉴(대왕육수)),물냉면or물막국수중 택1＋숯불고기180g＋육수/1(메뉴선택(물막국수))
          ",맛있어용~~ 양배추랑 오이가 넉넉해서 좋았습니다!
천수냉면-신당점,2020년 1월 27일,5,5,5,"
            얼큰해장물냉면/1(추가메뉴(대왕육수)),반반왕만두（김치3개＋고기3개）/1
          ","냉면 맛있게 맵네요. 만두는 고기만두가 더 제취향. 
세스코 업장이라서 믿고 시켰어요. 냉면 시킬 곳이 마땅치 않았는데 넘 좋네요~ 잘 먹었습니다:)"
천수냉면-신당점,2020년 1월 27일,5,5,5,"
            물냉면/1(추가메뉴(곱빼기)),불비냉/1(추가메뉴(곱빼기))
          ",굳굳 맛있어요 :)
천수냉면-신당점,2020년 1월 27일,5,5,5,"
            얼큰해장물냉면/1,비빔냉면or비빔막국수중 택1＋숯불고기180g＋육수/1(메뉴선택(비빔냉면)),물냉면or물막국수중 택1＋숯불고기180g＋육수/1(메뉴선택(물냉면)),반반왕만두（김치3개＋고기3개）/1
          ",엄마가 냉면 좋아하는데 집 근처에 냉면맛집 생겄다구 엄청 좋대요!
천수냉면-신당점,2020년 1월 27일,5,5,5,"
            물냉면/2(추가메뉴(대왕육수)),비빔막국수/1(추가메뉴(대왕육수)),반반왕만두（김치3개＋고기3개）/1
          ",굿 !!!  재주문 100% 각!!!
천수냉면-신당점,2020년 1월 26일,5,5,5,"
            비빔냉면/1(추가메뉴(대왕육수)),얼큰해장물냉면/1(추가메뉴(대왕육수))
          ","해장냉면 굉장히 얼큰하네요 제대로 해장 했어요
육수 많이 부탁 드렸는데 많이 챙겨주시고
번창하세요"
천수냉면-신당점,2020년 1월 26일,1,5,1,"
            비빔냉면/1(추가메뉴(곱빼기)),고기왕만두/1
          ",너무 매워서 못먹겟네요 배달은 엄청느리고 만두는 다식어서 배달되고 최악입니다
천수냉면-신당점,2020년 1월 26일,5,5,5,"
            물냉면/1(추가메뉴(곱빼기,대왕육수)),고기왕만두/1
          ",천수냉면 맛있게 잘 먹었어요. 물냉 곱배기였는데 처음에는 곱배기 아닌줄 알고 갸우뚱 했는데 먹다보니 곱배기 맞네요. 고기만두 메뉴 사진에 6개 있었는데 5개 와서 또 갸우뚱 하다 다른분 리뷰 사진보고 5개 맞구나 했네요. 다음에 또 시킬게요~
천수냉면-신당점,2020년 1월 22일,5,5,5,"
            물냉면or물막국수중 택1＋숯불고기180g＋육수/1(메뉴선택(물냉면)),반반왕만두（김치3개＋고기3개）/1
          ","전날 과음으로 아이고 두야두야 바닥을 기어다녔는데
이 집 냉면 참 맛있네요 속이 풀립니다 ㅠㅠ
전날 과음에 오후 다섯시가 되어서야 풀렸습니다 ㅠㅠ
짱맛있어요 너무 시원해여 ㅠㅠㅠ
만두 속 촘촘하게 가득들어있네요 
사진을 찍었어야 햤는데 술이 아직도 안깨서 깜빡했네요 ㅠㅠ"
천수냉면-신당점,2020년 1월 19일,5,5,5,"
            물냉면/1,물냉면or물막국수중 택1＋숯불고기180g＋육수/1(메뉴선택(물냉면))
          ",잘먹었습니다 쫄깃하구요
천수냉면-신당점,2020년 1월 18일,5,5,5,"
            물냉면/1(추가메뉴(곱빼기)),불비냉/1(추가메뉴(곱빼기))
          ",냠냠 맛있게 먹었습니다
천수냉면-신당점,2020년 1월 17일,5,4,5,"
            비빔냉면/1,비빔냉면or비빔막국수중 택1＋숯불고기180g＋육수/1(메뉴선택(비빔냉면))
          ",우리 가족이 여기 냉면 엄청엄청 좋아해요!
천수냉면-신당점,2020년 1월 16일,5,5,5,"
            비빔냉면/1(추가메뉴(대왕육수)),차돌된장찌개/1
          ",제 인생 맛집 입니다
천수냉면-신당점,2020년 1월 15일,5,5,5,"
            물냉면/1,얼큰해장물냉면/1,고기왕만두/1
          ",맛있어요. 배달도 빠르네요
천수냉면-신당점,2020년 1월 14일,5,5,5,"
            물냉면/1,고기왕만두/1,트리플만두/1
          ","물냉면이 깔끔시원하고요
만두가 맛있어요 피가 얇고 내용이 가득
잘먹었어요"
천수냉면-신당점,2020년 1월 14일,5,5,5,"
            물냉면/1,반반왕만두（김치3개＋고기3개）/1
          ",물냉 맛있어요~^^
천수냉면-신당점,2020년 1월 13일,5,5,5,"
            비빔냉면or비빔막국수중 택1＋숯불고기180g＋육수/1(메뉴선택(비빔냉면)),사이다500mL/1
          ",..........
천수냉면-신당점,2020년 1월 13일,3,5,5,"
            물냉면or물막국수중 택1＋숯불고기180g＋육수/1(메뉴선택(물냉면)),고기왕만두/1
          ","국물이 속이 안풀림 ㅠㅠ 면은 얼음에 얼어 굳어있고
고기랑 만두는 맛좋았어여"
천수냉면-신당점,2020년 1월 12일,5,5,5,"
            물냉면/1,얼큰해장물냉면/1,반반왕만두（김치3개＋고기3개）/1
          ","리뷰들보고 주문했는데 진짜 맛있어요 ㅎㅎ 육수도 시원하고 맛있고,, 근데 해장물비냉은 좀 많이 매워요 ㅜㅜ 불닭볶음면 정도?? 근데 반찬이나 요청사항도 잘들어주시고 정말 맛있게 먹었어요 ㅎㅎ"
천수냉면-신당점,2020년 1월 12일,5,5,5,"
            물냉면/1(추가메뉴(곱빼기,대왕육수)),불비냉/1(추가메뉴(곱빼기))
          ",맛있어요ㅎㄹ자주 시켜먹어요
천수냉면-신당점,2020년 1월 7일,5,5,5,"
            비빔냉면/1(추가메뉴(대왕육수)),얼큰해장물냉면/1(추가메뉴(대왕육수))
          ",국물더주시는거 굿입니다 맛있어요. 해장으로 딱!
천수냉면-신당점,2020년 1월 7일,5,5,5,"
            물냉면or물막국수중 택1＋숯불고기180g＋육수/1(메뉴선택(물냉면)),고기왕만두/1
          ",와 진짜진짜진짜 맛있음 양도 많아요
천수냉면-신당점,2020년 1월 5일,5,5,5,"
            물냉면or물막국수중 택1＋숯불고기180g＋육수/1(메뉴선택(물냉면)),반반왕만두（김치3개＋고기3개）/1
          ",앙콩찜꽁얄라리욜로럅
천수냉면-신당점,2020년 1월 4일,4,5,5,"
            물냉면/1,비빔냉면/1
          ",배달 빠릅니다. 비냉은 상당히 맵네요
천수냉면-신당점,2020년 1월 3일,4,4,4,"
            물냉면or물막국수중 택1＋숯불고기180g＋육수/1(메뉴선택(물냉면)),고기왕만두/1
          ",냉면육수 맛이 좋아요.  숯불고기는 넘 타서 고르면서 먹야되며
천수냉면-신당점,2020년 1월 1일,4,5,2,"
            얼큰해장물냉면/1,목살김치찌개/1,사이다1.25L/1
          ",해장이 절실해서 시킨 해장불냉면은 매운 맛은 좋았지만 육수가 묻히는 느낌이라 조금 아쉬워요. 하지만 따로 오는 그냥 육수를 먹어보니 기본 물냉면은 매우 맛있을 듯 싶어요! 푹 끓여오는 김치찌개는 양 매우 많아요! 특히 고기 양이랑 너무 푸짐해서 좋은데 사알짝 고기 냄새가 나서 아쉬웠지만 민감하지 않은 분들은 맛있게 드실 수 있을 것 같아요! 배달은.... 바쁜 날이라 오래걸렸으니라 생각해보고 조만간 또 주문하겠습니당~!
천수냉면-신당점,2020년 1월 1일,5,5,5,"
            물냉면/1,불비냉/1(추가메뉴(곱빼기))
          ","진짜 맛있어요
비빔냉면도 물냉면도 굳"
천수냉면-신당점,2019년 12월 29일,5,5,5,"
            물냉면/1(추가메뉴(곱빼기,대왕육수)),불비냉/1(추가메뉴(곱빼기,대왕육수))
          ","진짜 존맛임
맛없는 곳도 후기 좋아서 고민하며 시켰는데 최고ㅋㅋ
맛있어서 먹다가 사진 찍었네요
완전 최고! 강추합니다"
천수냉면-신당점,2019년 12월 25일,5,5,5,"
            물막국수/1,비빔막국수/1,김치왕만두/1
          ",진심 최고 냉면계의 애플
천수냉면-신당점,2019년 12월 21일,5,5,5,"
            얼큰해장물냉면/1,불비냉/1
          ",대박시원하네 해장에딱임!!
천수냉면-신당점,2019년 12월 16일,5,5,5,"
            물냉면/1(추가메뉴(대왕육수)),비빔냉면/1(추가메뉴(대왕육수)),비빔냉면or비빔막국수중 택1＋숯불고기180g＋육수/1(메뉴선택(비빔냉면)),고기왕만두/1,김치왕만두/1
          ",맛있게 잘 먹었습니다.
천수냉면-신당점,2019년 12월 16일,5,4,4,"
            비빔냉면/1,김치왕만두/1
          ",배달기사님이 지리를 잘모시나봐요...외국인이시던데 전화만 세번받았네요 기분이 썩 좋진않았는데 맛은있어서 괜찮아졌어요
천수냉면-신당점,2019년 12월 16일,5,5,5,"
            불비냉/1,김치왕만두/1
          ",처음에는 잘몰랐는데 갈수록매워지네유 😂
천수냉면-신당점,2019년 12월 15일,5,5,5,"
            물냉면/1,비빔냉면/1
          ",혜자식당!!! 육수넘치도록퍼줌!!!
천수냉면-신당점,2019년 12월 15일,5,4,5,"
            물냉면/1,고기왕만두/1
          ","다른냉면집하고는다르게 확실히 육수가 개운하네요
기본적으로 냉면다대기와 식초겨자 무 추가육수를주셔서 육수부족함이없어서 좋았습니다 근방에 배달냉면중엔 제일이네요 자주시켜먹을거 같습니다"
천수냉면-신당점,2019년 12월 15일,5,5,5,"
            비빔냉면/1,콜라1.25L/1,사이다1.25L/1
          ",비냉맛있맛있맛있 ㅊㅊ
천수냉면-신당점,2019년 12월 15일,5,5,4,"
            비빔냉면/2
          ",비냉넘 맛있어용 첨엔잘모르는데 가면 갈수록 맵네용 육수도 큰거로 두개나주셔서 넘좋았어용
천수냉면-신당점,2019년 12월 15일,5,5,5,"
            차돌된장찌개/1,반반왕만두（김치3개＋고기3개）/1
          ",찌개 맛있네요 양도많고
천수냉면-신당점,2019년 12월 14일,3,4,3,"
            비빔냉면or비빔막국수중 택1＋숯불고기180g＋육수/1(메뉴선택(비빔냉면)),고기왕만두/1
          ","숯불고기는 아닌듯합니다 
메뉴글 수장해야할듯 하네요"
천수냉면-신당점,2019년 12월 13일,2,2,5,"
            불비냉/1(추가메뉴(대왕육수)),물냉면or물막국수중 택1＋숯불고기180g＋육수/1(메뉴선택(물냉면))
          ",그냥 뭐 네....
천수냉면-신당점,2019년 12월 13일,5,5,5,"
            물냉면/1,비빔냉면/1,김치왕만두/1
          ",여기 냉면 진짜 맛있어요ㅠㅠ냉면먹을땐 여기가 제일로 괜찮을듯해여!
천수냉면-신당점,2019년 12월 10일,5,4,5,"
            물냉면/1(추가메뉴(곱빼기)),후라이/1,콜라1.25L/1
          ","맛있고좋아요
근데 곱배기랑 보통이랑 차이가 잘안느껴지는건
기분탓이겠죠.?"
천수냉면-신당점,2019년 12월 9일,5,5,5,"
            물냉면/1(추가메뉴(곱빼기)),반반왕만두（김치3개＋고기3개）/1
          ",맛잇어요~!!!!!
천수냉면-신당점,2019년 12월 7일,5,5,5,"
            물냉면/1(추가메뉴(대왕육수)),비빔냉면or비빔막국수중 택1＋숯불고기180g＋육수/2(메뉴선택(비빔냉면)),반반왕만두（김치3개＋고기3개）/1
          ",맛있게 잘 먹었습니다.
천수냉면-신당점,2019년 12월 3일,5,5,5,"
            물냉면/1,고기왕만두/1
          ",둘다넘맛나용~~~다른어플에서는 냉면으론최탑이었네용 ㅎㅎ 자주시켜먹을게요특히 육수가개운하니좋아요
천수냉면-신당점,2019년 12월 3일,5,4,5,"
            비빔냉면/1,얼큰해장물냉면/1
          ",어우 둘다 매운데 계속땡기는그런맛!!!
천수냉면-신당점,2019년 12월 3일,5,5,5,"
            물냉면/1,비빔냉면/1
          ",육수양실화? 다른곳 물냉시키는거보다 더많은 서비스육수 ㄷㄷ
천수냉면-신당점,2019년 12월 2일,4,5,5,"
            물냉면/1(추가메뉴(대왕육수)),비빔냉면/1(추가메뉴(대왕육수))
          ","배달 전문점이네요
먹을만 합니다"
천수냉면-신당점,2019년 11월 29일,5,5,5,"
            물냉면/3,비빔냉면/2
          ",배달빠르고 맛있어요^^
천수냉면-신당점,2019년 11월 25일,5,5,5,"
            물냉면/1,물냉면or물막국수중 택1＋숯불고기180g＋육수/1(메뉴선택(물냉면)),반반왕만두（김치3개＋고기3개）/1
          ",냉면 주문은 처음인데 생각보다 괜찮았어요~
천수냉면-신당점,2019년 11월 22일,5,5,5,"
            물냉면/2
          ",냉면 넘 맛있게 먹었어요 ~다음에 또 시킬게요
천수냉면-신당점,2019년 11월 14일,5,5,5,"
            비빔냉면or비빔막국수중 택1＋숯불고기180g＋육수/1(메뉴선택(비빔냉면)),사이다1.25L/1
          ",매우 맛있습니다.ㅋㅋㅋㅋ
천수냉면-신당점,2019년 11월 8일,5,5,5,"
            비빔냉면/1,반반왕만두（김치3개＋고기3개）/1
          ",깔끔하니 좋네요 다음엔 물냉 먹어볼게요
천수냉면-신당점,2019년 11월 3일,3,3,5,"
            비빔냉면or비빔막국수중 택1＋숯불고기180g＋육수/1(메뉴선택(비빔냉면)),물냉면or물막국수중 택1＋숯불고기180g＋육수/1(메뉴선택(물냉면))
          ",물냉면이 맛있네요!
천수냉면-신당점,2019년 11월 1일,4,4,5,"
            물냉면or물막국수중 택1＋숯불고기180g＋육수/2(메뉴선택(물냉면))
          ",냉면은 완전 안퍼지고 좋았는데 숯불보기보다 만두가 더 괜찮을 것 같아요!
천수냉면-신당점,2019년 10월 19일,5,4,5,"
            물냉면/1,비빔냉면/1
          ",맛있는데 물냉면 다대기 안왔어요ㅠㅠ 양이 좀 적은 거 빼고는 육수도 더 오고 좋았어용
천수냉면-신당점,2019년 10월 17일,5,5,5,"
            비빔냉면/1,비빔막국수/1
          ","너무 늦은시간에 시켰는데 죄송했어요!
냉면이 매운데 맛있어요!"
천수냉면-신당점,2019년 10월 9일,5,5,5,"
            물냉면/1,김치왕만두/1
          ",냉면이 시원하고 배달이 빨라 자주 시켜먹을것 같네요
천수냉면-신당점,2019년 10월 6일,3,4,4,"
            비빔냉면or비빔막국수중 택1＋숯불고기180g＋육수/1(메뉴선택(비빔막국수)),김치왕만두/1
          ","다른 리뷰랑 동일하게 고기 퀄 빼고는 먹을만합니다

고기만 퀄이 높아지면 괜찮을듯"
천수냉면-신당점,2019년 10월 5일,5,5,5,"
            물냉면/1,목살김치찌개/1
          ","김치찌개는 후기가 없어서 고민했는데 양도 진짜 많고 괜찮아요 냉면 두그릇 혼자 먹긴
좀 그래서 다음에도 일케 먹으러구요"
천수냉면-신당점,2019년 10월 4일,5,5,5,"
            물냉면/1,김치왕만두/1
          ",동네에서 여기가 젤 나음 물냉면 맛있음!
천수냉면-신당점,2019년 10월 3일,5,5,5,"
            비빔냉면/1,비빔냉면or비빔막국수중 택1＋숯불고기180g＋육수/1(메뉴선택(비빔냉면)),고기왕만두/1
          ","물냉면 강추 비냉은 제 입맛에 너무 맵네요~ 
그리고 방금 고기를 실수로 안주셔서 전화하니
바로 보내주셨습니다 사장님 응대에 별5개 드립니다
다음에 또 먹을게요^^"
천수냉면-신당점,2019년 10월 1일,5,5,4,"
            물냉면/2
          ",혼자 냉면 2인분박살 국물까지다먹으면 뒤질거같아여. 맛있습니다
천수냉면-신당점,2019년 9월 30일,5,5,5,"
            물냉면/2
          ",맛도 좋고 양도 많고 좋아요
천수냉면-신당점,2019년 9월 25일,2,4,4,"
            물냉면/1,비빔냉면or비빔막국수중 택1＋숯불고기180g＋육수/1(메뉴선택(비빔냉면))
          ",냉면은 맛있는데 가격생각하면 괜찮은 정도고 고기는 진짜 질 떨어져요
천수냉면-신당점,2019년 9월 18일,5,5,5,"
            물냉면or물막국수중 택1＋숯불고기180g＋육수/1(메뉴선택(물냉면)),후라이/2
          ",배달짱빠르고맛나고! ㅆㅅㅌㅊ
천수냉면-신당점,2019년 9월 8일,5,5,5,"
            물냉면/2
          ",동네에서 제일 괜찮은 냉면집
천수냉면-신당점,2019년 9월 5일,4,4,5,"
            비빔냉면/1,물냉면or물막국수중 택1＋숯불고기180g＋육수/1(메뉴선택(물냉면))
          ",사진 정말 대충 찍었네요ㅋㅋ.... 일단 냉면맛 좋습니다 특히 물냉면 맛있어요 늦은 시간대에 이런 맛 찾기 힘들거든요... 다만 아쉬운점은 고기 맛이 너무 별로였습니다 ㅠㅠ 다음에 시키면 냉면이랑 만두만 시켜야겠어요 그래두 냉면이랑 육수 너무 잘 먹었습니다~
천수냉면-신당점,2019년 9월 4일,4,4,5,"
            비빔냉면or비빔막국수중 택1＋숯불고기180g＋육수/1(메뉴선택(비빔냉면)),사이다1.25L/1
          ","양념이 뭔가 고루 묻혀지지않은 느낌이었는데
육수가 맛잇엇어요^^"
천수냉면-신당점,2019년 9월 4일,5,5,5,"
            물냉면/1,반반왕만두（김치3개＋고기3개）/1
          ","점심시간이였는데도 배달이 빨리와서 리뷰쓰는게 열린 상태가 아니였어요 . 그래서 다먹은 후의 사진이구여 ㅋㅋ 
만두랑 물냉 시켰는데 너무 맛있어요 
원래부터 타어플로 시켜먹어 보았던 가게인데 요기요에서 첨 시켜봐요 
냉면이라면 고민안하시구 천수냉면 서 드셔도 좋을듯합니다! 추천합니다"
천수냉면-신당점,2019년 9월 4일,5,5,5,"
            비빔냉면/1,김치왕만두/1
          ",맛나요우오우오우오우오우
천수냉면-신당점,2019년 9월 2일,5,5,5,"
            비빔냉면/1,고기왕만두/1
          ",맛있게 잘먹었어요 비냉 매콤하니 좋네요 만두도 잘 어울리고요
천수냉면-신당점,2019년 8월 30일,5,5,5,"
            비빔냉면/1,김치왕만두/1
          ",넘맛있어요! 맵기도 적당하고! 육수도 계속 생각나는맛에 배불러도 계속 들어가는 맛이라서 배터지게 먹었어요!!! 서비스 사이다 너무 잘받았습니당~!!👍🏻
천수냉면-신당점,2019년 8월 25일,5,5,5,"
            물냉면or물막국수중 택1＋숯불고기180g＋육수/1(메뉴선택(물냉면)),트리플만두/1
          ","냉면육수 정말 맛있어요~작은 그릇에 있던 육수를 원샷했네요ㅋ냉면엔 살얼음까지!!
정말 시원하고 맛있게 잘먹었습니다~~"
천수냉면-신당점,2019년 8월 24일,5,5,5,"
            비빔냉면/1,김치왕만두/1
          ",매운거 못먹는분들한테는 많이 매울거같에요 계속땡기는 그런매운맛 전좋았어요
천수냉면-신당점,2019년 8월 23일,5,4,5,"
            물냉면/2
          ",이 집 냉면 국물 맛 좋습니다 믿고 드셔보세요
천수냉면-신당점,2019년 8월 22일,5,5,5,"
            비빔냉면/1,고기왕만두/1
          ",비냉이 매운데 계속땡기는 그런맛이네요 만두찍먹하니 환상입니다 또시킬게용!!!^^
천수냉면-신당점,2019년 8월 22일,5,5,5,"
            물냉면/1,고기왕만두/1
          ",육수핵시원사이다임 리얼굿굿
천수냉면-신당점,2019년 8월 21일,5,5,5,"
            물냉면/1,고기왕만두/1
          ",맛남맛남 육수짱짱시원 만두는 넘많아서 3알남김요
천수냉면-신당점,2019년 8월 20일,5,5,5,"
            비빔냉면or비빔막국수중 택1＋숯불고기180g＋육수/2(메뉴선택(비빔냉면))
          ",ㅆㅆㅌㅊ.
천수냉면-신당점,2019년 8월 20일,5,3,3,"
            비빔냉면/1,비빔냉면or비빔막국수중 택1＋숯불고기180g＋육수/1(메뉴선택(비빔냉면)),고기왕만두/1
          ",냉면 양은 조금 적은듯하고 고기가 살짝 탓어요~~ 용기도 찌그러질정도로 뜨거웟나봐요~~ 맛은 항상 같아서 마음에 드네요~~
천수냉면-신당점,2019년 8월 15일,5,5,5,"
            비빔냉면/1,고기왕만두/1
          ",먹을만합디다사진은없어서대체
천수냉면-신당점,2019년 8월 5일,5,5,5,"
            비빔냉면or비빔막국수중 택1＋숯불고기180g＋육수/1(메뉴선택(비빔냉면)),물냉면or물막국수중 택1＋숯불고기180g＋육수/1(메뉴선택(물냉면))
          ",불고기 양이 많아서 너무 좋았습니다 ㅋㅋ
천수냉면-신당점,2019년 8월 4일,5,5,4,"
            물냉면/1,고기왕만두/1
          ",엄청 맛있네요  ㅠㅠㅠㅠㅠ
천수냉면-신당점,2019년 7월 30일,5,5,5,"
            물냉면/1,김치왕만두/1
          ",여기맛있어요 시켜보세요
천수냉면-신당점,2019년 7월 25일,5,5,5,"
            비빔냉면/1,김치왕만두/1
          ",매콤 하니 존끄맛탱 만두양많아서 몇개남김
천수냉면-신당점,2019년 7월 24일,5,5,5,"
            비빔냉면or비빔막국수중 택1＋숯불고기180g＋육수/5(메뉴선택(비빔냉면))
          ",ㄹㅇ ㅆㅅㅌㅊ.
천수냉면-신당점,2019년 7월 21일,5,5,5,"
            물냉면/1,반반왕만두（김치3개＋고기3개）/1,콜라500mL/1
          ",ㄴ터젙저텆터ㅏㄹ다찯차
천수냉면-신당점,2019년 7월 19일,5,5,4,"
            물냉면/4
          ",배달 아주 조금 늦은게 없지않아 있지만 맛 좋았고 양도 좋았습니다
천수냉면-신당점,2019년 7월 18일,5,5,4,"
            물냉면/2
          ","육수가 정말 맛잇네요~
양도 적당하고 맛있게 잘 먹었어요"
천수냉면-신당점,2019년 7월 14일,5,5,5,"
            물냉면/1,비빔냉면/1
          ",여기 정말 맛 좋습니다 요청사항으로 면따로달라고도했는데 잘 해주시고 육수도일품이고 절임무랑 양념장도넉넉하게보내주시고 걍 강추 일단 먹어보세요 정말맛있어요
천수냉면-신당점,2019년 7월 13일,5,5,5,"
            비빔냉면or비빔막국수중 택1＋숯불고기180g＋육수/1(메뉴선택(비빔냉면)),반반왕만두（김치3개＋고기3개）/1
          ",더워서 냉면 먹고싶어서 시켰는데 맛있었어요!!
천수냉면-신당점,2019년 7월 6일,4,3,3,"
            물냉면/3,비빔냉면/1
          ",맛있습니다. 저녁 시간에 시켰더니 좀 불어서 온 건 어쩔수가 없겠지요
천수냉면-신당점,2019년 7월 5일,4,5,5,"
            물냉면or물막국수중 택1＋숯불고기180g＋육수/1(메뉴선택(물냉면)),물냉면or물막국수중 택1＋숯불고기180g＋육수/1(메뉴선택(물막국수))
          ",냉면이 뿔지 않고 배달되는게 그저 신기.... 참 좋은 세상...
천수냉면-신당점,2019년 7월 2일,4,4,5,"
            물냉면/2,비빔막국수/1,반반왕만두（김치3개＋고기3개）/1
          ",막국수 생각보다 그렇게 맵진 않습니다~ 만두랑 같이 맛있게 잘먹었습니다
천수냉면-신당점,2019년 7월 2일,5,5,5,"
            물막국수/2,트리플만두/1
          ",맛있게 잘 먹었어요~^^
천수냉면-신당점,2019년 6월 30일,4,3,4,"
            물냉면/1,비빔냉면/1
          ",잘 먹었습니다!!!
천수냉면-신당점,2019년 6월 29일,5,5,5,"
            비빔냉면/1,고기왕만두/1
          ",아진짜맵싹하니 비냉핵맛임
천수냉면-신당점,2019년 6월 28일,5,5,5,"
            비빔냉면or비빔막국수중 택1＋숯불고기180g＋육수/1(메뉴선택(비빔냉면)),물냉면or물막국수중 택1＋숯불고기180g＋육수/1(메뉴선택(물냉면))
          ","엄청 맛있습니다
비빔냉면은 기분좋게 매콤하고 물냉면은 냉면육수맛이 너무 맛있었어요

다만 고기는 한입크기로 잘라왔으면 완벽할것같습니다!
다음에 또 시켜먹을게요!"
천수냉면-신당점,2019년 6월 26일,5,5,5,"
            물냉면/1,비빔냉면/1
          ",육수가 시원개운해서넘조음 비냉은 상당히매운편이에요
천수냉면-신당점,2019년 6월 22일,5,5,5,"
            물냉면/1,고기왕만두/1
          ",역시 맛나요 냉면만두 둘다 혼자먹기엔 양이 많은편이네요
천수냉면-신당점,2019년 6월 20일,4,5,4,"
            물냉면or물막국수중 택1＋숯불고기180g＋육수/1(메뉴선택(물냉면)),공기밥/1,후라이/1
          ",동네배달냉면중엔 제일나은듯
천수냉면-신당점,2019년 6월 20일,5,4,5,"
            물냉면/1,고기왕만두/1
          ",육수 시원해서 너무좋긴한데 이가넘 시려워요 ㅋㅋ 양념장 넣어서 먹으니 더괜찮네요 날씨좀 더워지면 자주시킬거같네요
천수냉면-신당점,2019년 6월 20일,5,5,4,"
            물냉면/1,비빔냉면/1
          ",일단육수가 다른곳하고 차원이 틀리네요 비냉매운데 맛있음 배달도 예상시간보단 매우빠르게 왔네요 재주문할게요
천수냉면-신당점,2019년 5월 31일,5,4,5,"
            비빔막국수/1,김치왕만두/1
          ",배달도 빠르고 맛있어요. 특히 만두가 좋네요~
천수냉면-신당점,2019년 5월 29일,4,5,5,"
            비빔냉면or비빔막국수중 택1＋숯불고기180g＋육수/2(메뉴선택(비빔냉면))
          ",매콤한 냉면과 불고기가 잘 어울려요. 제 입엔 고기양념을 좀 약하게하면 더 맛있었지 않았을까 생각합니다.
천수냉면-신당점,2019년 5월 28일,5,5,4,"
            물냉면/1,고기왕만두/1
          ",배달은 좀 느렸지만 냉면 맛있네요!
천수냉면-신당점,2019년 5월 24일,4,4,4,"
            물막국수/2,반반왕만두（김치3개＋고기3개）/1
          ",무난무난 하게 맛있어요~~ 면 안불고 시원하게 잘 와서 좋았어요!
천수냉면-신당점,2019년 5월 23일,1,1,5,"
            물냉면/1,물막국수/1
          ","조미맛이 나요 
면은 안익고 딱딱 고무 씹는듯 하네요"
천수냉면-신당점,2019년 5월 13일,5,4,1,"
            물냉면/1,비빔냉면/1,반반왕만두（김치3개＋고기3개）/1
          ",맛잇어요근데 너무오래걸려요 ㅠㅠ 계란도안넣어져잇더라고요 ㅠㅠ
천수냉면-신당점,2019년 5월 4일,5,5,5,"
            물냉면/1,비빔냉면/1,반반왕만두（김치3개＋고기3개）/1
          ",맛있게 잘 먹었습니다 보통은 양이 좀 적은거같지만 맛은 최고!
천수냉면-신당점,2019년 5월 3일,1,1,3,"
            물냉면/1,비빔냉면/1
          ",양두 적고 맛도 없음~
천수냉면-신당점,2019년 4월 28일,5,5,5,"
            비빔냉면or비빔막국수중 택1＋숯불고기180g＋육수/1(메뉴선택(비빔냉면)),비빔냉면or비빔막국수중 택1＋숯불고기180g＋육수/1(메뉴선택(비빔막국수))
          ",배달 냉면중에는 젤 낫네요
